0.660443484783172607421875000000
2.000000000000000000000000000000
0.174625396728515625000000000000
1.222098231315612792968750000000
0.013914386741816997528076171875
0.331725239753723144531250000000
0.909467697143554687500000000000
1.151016712188720703125000000000
0.241549119353294372558593750000
0.158031478524208068847656250000
0.117458276450634002685546875000
0.117458276450634002685546875000
0.083517640829086303710937500000
0.043920811265707015991210937500
0.000000000000000000000000000000
0.000000000000000000000000000000
0.000000000000000000000000000000
0.000000000000000000000000000000
