52 1
51 2
51 3
52 51
68 52
53 4
53 5
67 53
56 6
55 7
54 8
54 9
55 54
56 55
66 56
58 10
57 11
57 12
58 57
60 58
59 13
59 14
60 59
65 60
64 15
61 16
61 17
62 61
62 18
63 62
63 19
64 63
65 64
66 65
67 66
68 67
99 68
69 20
69 21
80 69
70 22
70 23
79 70
71 24
71 25
72 71
72 26
75 72
73 27
73 28
74 73
74 29
75 74
78 75
76 30
76 31
77 76
77 32
78 77
79 78
80 79
85 80
82 33
81 34
81 35
82 81
84 82
83 36
83 37
84 83
85 84
93 85
92 38
87 39
86 40
86 41
87 86
89 87
88 42
88 43
89 88
91 89
90 44
90 45
91 90
92 91
93 92
96 93
95 46
94 47
94 48
95 94
96 95
98 96
97 49
97 50
98 97
99 98