0.007493384648114442825317382812
0.421624600887298583984375000000
1.219994425773620605468750000000
0.092157118022441864013671875000
0.736809551715850830078125000000
0.055959124118089675903320312500
1.844390392303466796875000000000
0.275046169757843017578125000000
0.537784755229949951171875000000
0.843642830848693847656250000000
0.654259264469146728515625000000
0.728162288665771484375000000000
1.031559586524963378906250000000
0.094998821616172790527343750000
0.771853387355804443359375000000
0.218360736966133117675781250000
0.153968662023544311523437500000
0.111789636313915252685546875000
0.571732819080352783203125000000
0.571732044219970703125000000000
0.435377687215805053710937500000
0.435377687215805053710937500000
0.000658990407828241586685180664
0.000658990407828241586685180664
0.000000767409801483154296875000
0.000000767409801483154296875000
