48 1
47 2
47 3
48 47
49 48
49 4
76 49
50 5
50 6
51 50
51 7
55 51
52 8
52 9
54 52
53 10
53 11
54 53
55 54
58 55
57 12
56 13
56 14
57 56
58 57
59 58
59 15
63 59
61 16
60 17
60 18
61 60
62 61
62 19
63 62
64 63
64 20
75 64
65 21
65 22
66 65
66 23
67 66
67 24
68 67
68 25
74 68
69 26
69 27
72 69
70 28
70 29
71 70
71 30
72 71
73 72
73 31
74 73
75 74
76 75
91 76
87 32
80 33
78 34
77 35
77 36
78 77
79 78
79 37
80 79
86 80
81 38
81 39
83 81
82 40
82 41
83 82
84 83
84 42
85 84
85 43
86 85
87 86
90 87
89 44
88 45
88 46
89 88
90 89
91 90