0.271807
0.202033
0.202033
0.0697743
0.696981
0.968788
4.92916
0.198993
0.198993
0.681453
0.880446
0.240404
0.243656
0.243656
0.874094
0.441477
0.441477
0.676273
0.00310011
0.208491
0.86039
0.379862
0.379862
0.480528
0.468952
0.0557236
1.38507
0.955007
0.599646
0.0856832
0.0856832
0.513963
0.457302
1.05695
1.28312
1.1078
3.44787
1.53177
0.586976
0.586976
0.273253
0.86023
0.210163
1.07039
1.53437
2.60476
1.26844
0.731064
0.731064
0.534503
0.0532868
0.0532868
0.970931
1.02422
0.24135
0.770965
2.03653
1.83667
1.10644
0.918302
2.09695
4.24594
3.52708
0.209357
0.0902252
0.0902252
0.119132
0.469652
0.679009
2.84807
0.711712
0.573124
0.573124
0.332437
0.822186
0.822186
0.0833749
1.66369
2.56925
1.4567
4.02595
0.212846
0.00714376
1.36605
3.4104
0.01
0.01
3.4104
2.20159
2.38291