0.310243
0.310243
0.366695
0.676938
2.52411
2.19928
1.01706
0.024242
0.024242
0.362431
0.386673
0.502933
0.889606
0.127458
1.18222
1.00177
1.35672
4.55777
1.99669
1.00208
1.00208
4.87813
0.701565
0.701565
1.15519
1.85675
0.897633
0.194913
0.194913
1.01879
1.21371
1.54068
1.24852
0.715493
0.138625
0.138625
0.576868
0.47923
1.19472
0.610798
0.298402
0.259831
0.102181
0.102181
0.14374
0.01
0.01
0.245921
0.0139102
0.0385708
0.37724
0.675642
0.806975
0.752885
0.752885
0.729733
0.322903
2.19738
1.8773
0.674257