0.009315633215010166168212890625
1.772606372833251953125000000000
0.087647870182991027832031250000
0.731136500835418701171875000000
0.910453140735626220703125000000
0.854179859161376953125000000000
0.658189594745635986328125000000
0.136266469955444335937500000000
0.427134156227111816406250000000
0.541347146034240722656250000000
0.614248394966125488281250000000
0.992583334445953369140625000000
0.621722638607025146484375000000
0.621722638607025146484375000000
0.601358413696289062500000000000
0.103827849030494689941406250000
0.213191539049148559570312500000
0.507509529590606689453125000000
0.427247911691665649414062500000
0.188634693622589111328125000000
0.050322797149419784545898437500
0.378334999084472656250000000000
0.140440836548805236816406250000
0.294317990541458129882812500000
0.038803290575742721557617187500
0.227393925189971923828125000000
0.048542242497205734252929687500
0.188590615987777709960937500000
0.140048384666442871093750000000
0.140048384666442871093750000000
0.070282623171806335449218750000
0.070282623171806335449218750000
0.000000000000000000000000000000
0.000000000000000000000000000000
0.000000000000000000000000000000
0.000000000000000000000000000000
