0.352419912815093994140625000000
0.837688803672790527343750000000
0.436491310596466064453125000000
0.142743542790412902832031250000
1.482816338539123535156250000000
0.225728631019592285156250000000
0.329886674880981445312500000000
0.126209944486618041992187500000
0.826893925666809082031250000000
0.584932565689086914062500000000
0.031169734895229339599609375000
0.042478971183300018310546875000
0.335417091846466064453125000000
0.309112101793289184570312500000
0.026304963976144790649414062500
0.026304963976144790649414062500
0.000000000000000000000000000000
0.000000000000000000000000000000
