1.28219
0.885904
0.23703
0.131902
0.131902
0.105128
0.157639
0.394669
0.491235
0.396284
1.70233
0.0880389
0.0880389
0.598366
0.686405
2.29812
2.59725
5.58177
1.04561
1.54874
1.54757
1.54757
0.00116715
5.07864
0.0832987
2.24609
0.273562
0.0981252
0.0981252
0.175437
1.68066
0.234437
0.234437
0.548416
0.782853
0.615998
1.39885
0.555373
0.291865
0.100009
0.459599
0.457223
0.457223
0.00237612
1.4332
0.389013
0.389013
0.638517
0.143882
0.143882
0.883648
0.865264
0.19326
2.08605
0.260044
4.36458
0.482149
0.296698
0.119128
0.01
0.01
0.0224414
0.0224414
0.0966863
0.17757
3.19034
0.00188084
0.00188084
1.45553
1.45741
1.75742
0.0974655
0.0974655
0.336517
0.247362
0.247362
0.186621
0.437202
0.871185
2.34364
0.272212
0.649681
0.569856
0.569856
0.136386
0.706242
0.362502
0.761741
0.0104953
0.0104953
0.751246
0.307003
3.06798
3.0561