Event,Frequency (%)
Cospeciation,37
Loss,3
Switch,25
Duplication,35
