Event,Frequency (%)
Cospeciation,29
Loss,43
Switch,23
Duplication,5
