Event,Frequency (%)
Cospeciation,33
Loss,28
Switch,25
Duplication,14
