Event,Frequency (%)
Cospeciation,36
Loss,7
Switch,23
Duplication,34
