Event,Frequency (%)
Cospeciation,24
Loss,17
Switch,29
Duplication,30
