Event,Frequency (%)
Cospeciation,28
Loss,4
Switch,20
Duplication,48
