Event,Frequency (%)
Cospeciation,39
Loss,4
Switch,24
Duplication,33
