Event,Frequency (%)
Cospeciation,37
Loss,16
Switch,38
Duplication,9
