0.0790676
0.0761928
0.0761928
0.00287481
0.63725
0.716317
1.5489
0.01
0.01
2.26522
1.46336
0.828407
0.210949
0.210949
0.617458
2.90017
18.4169
3.25679
0.0643297
0.0643297
0.849796
0.00649983
0.00649983
0.0813691
0.087869
0.664566
0.752435
0.161691
2.34266
2.13392
1.01874
0.418689
0.418689
0.096469
0.515158
0.503582
1.23163
0.502889
0.322301
0.322301
0.180588
1.74748
0.279109
0.102571
0.102571
2.42691
0.308968
0.297354
0.297354
0.149297
0.446651
1.19932
0.623128
0.623128
1.02285
1.19247
2.55226
10.1768
3.04347
0.569955
0.344714
0.344714
0.225241
0.438638
0.484136
0.484136
0.259705
0.535038
0.321953
0.321953
0.213084
0.208803
0.190132
0.933973
0.0322114
0.171556
0.171556
0.77902
0.950575
0.015609
0.0337323
0.999917
0.0086764
2.03487
12.524
6.57801