49 1
48 2
47 3
47 4
48 47
49 48
51 49
50 5
50 6
51 50
60 51
59 7
53 8
52 9
52 10
53 52
54 53
54 11
58 54
55 12
55 13
56 55
56 14
57 56
57 15
58 57
59 58
60 59
91 60
61 16
61 17
68 61
63 18
62 19
62 20
63 62
64 63
64 21
67 64
65 22
65 23
66 65
66 24
67 66
68 67
77 68
69 25
69 26
76 69
75 27
74 28
70 29
70 30
72 70
71 31
71 32
72 71
73 72
73 33
74 73
75 74
76 75
77 76
89 77
79 34
78 35
78 36
79 78
88 79
81 37
80 38
80 39
81 80
82 81
82 40
87 82
85 41
84 42
83 43
83 44
84 83
85 84
86 85
86 45
87 86
88 87
89 88
90 89
90 46
91 90