0.848850250244140625000000000000
0.262170881032943725585937500000
0.598949730396270751953125000000
1.131276726722717285156250000000
0.064984954893589019775390625000
0.732004523277282714843750000000
0.363419413566589355468750000000
0.467342019081115722656250000000
0.103922605514526367187500000000
0.103922605514526367187500000000
0.251850098371505737304687500000
0.582754075527191162109375000000
0.606552004814147949218750000000
0.169032186269760131835937500000
0.057823121547698974609375000000
0.026294024661183357238769531250
0.606552004814147949218750000000
0.606552362442016601562500000000
0.270521998405456542968750000000
0.021965065971016883850097656250
0.415554821491241455078125000000
0.415554821491241455078125000000
0.354701936244964599609375000000
0.354701936244964599609375000000
0.166998237371444702148437500000
0.009478309191763401031494140625
0.157519564032554626464843750000
0.157519564032554626464843750000
0.023797944188117980957031250000
0.023798301815986633300781250000
0.000000000000000000000000000000
0.000000357627868652343750000000
0.000000000000000000000000000000
0.000000357627868652343750000000
0.000000357627868652343750000000
0.000000357627868652343750000000
0.000000000000000000000000000000
0.000000357627868652343750000000
0.000000357627868652343750000000
0.000000357627868652343750000000
0.000000357627868652343750000000
0.000000357627868652343750000000
0.000000357627868652343750000000
0.000000357627868652343750000000
0.000000357627868652343750000000
0.000000357627868652343750000000
0.000000357627868652343750000000
0.000000357627868652343750000000
0.000000357627868652343750000000
0.000000357627868652343750000000
0.000000357627868652343750000000
0.000000357627868652343750000000
0.000000357627868652343750000000
0.000000357627868652343750000000
