2.65468
2.65468
1.07079
0.878136
0.477881
0.477881
0.400255
2.02309
1.24411
0.182412
0.182412
1.0617
0.0888941
0.839236
0.839236
0.493767
1.56823
0.824247
0.128045
0.498662
0.498662
1.87
2.36866
0.948844
0.0568208
0.0568208
1.85934
1.91616
1.40134
0.434454
0.01
0.01
1.37629
1.37629
0.485618
0.0801988
0.0801988
1.78171
1.39247
0.368568
0.368568
2.8858
0.384698
3.35799
0.024003
0.024003
2.43579
2.05511
0.751304
0.751304
1.08205
0.267929
0.267929
0.160223
0.428152
1.4052
0.159229
1.99258
0.062534
0.00640441
0.1716
0.0557964
0.0557964
0.115803
1.05716
1.22876
0.832754
0.39828
0.617504
2.8208
2.20368
1.08535
1.08535
1.11833
0.617121
0.256499
0.280693
0.281076
0.112888
0.101561