0.269343316555023193359375000000
0.170736953616142272949218750000
0.246046602725982666015625000000
0.246046602725982666015625000000
1.458511590957641601562500000000
1.222700119018554687500000000000
1.228101253509521484375000000000
0.183334231376647949218750000000
0.062021277844905853271484375000
0.419482231140136718750000000000
0.619883537292480468750000000000
0.606053650379180908203125000000
0.261910080909729003906250000000
0.243511006236076354980468750000
0.261910080909729003906250000000
0.243511006236076354980468750000
0.018399074673652648925781250000
0.018399074673652648925781250000
0.018398955464363098144531250000
0.018399074673652648925781250000
0.000000000000000000000000000000
0.000000119209289550781250000000
0.000000119209289550781250000000
0.000000119209289550781250000000
