0.147636
0.147636
1.94528
0.229704
0.0315888
0.0315888
0.198115
0.90227
0.599925
0.599925
0.532049
0.2827
0.218344
0.218344
0.37198
0.175824
0.175824
0.4145
0.82435
0.678243
3.07129
0.13746
0.13746
0.024021
0.161481
5.00273
7.35834
12.5226
5.97478
0.106044
0.106044
0.857137
0.01
0.01
0.963181
0.84311
1.80629
1.14301
0.382983
0.0888602
0.0888602
0.216125
0.0375966
0.0375966
0.267388
0.077998
2.56632
2.40745
0.840118
0.19692
0.19692
0.148059
0.344979
0.495138
0.00328648
0.843404
1.2241
2.0675
1.5492
3.3814
1.24664
1.24664
2.13476
0.235308
1.74004
13.1406