0.699099898338317871093750000000
0.699099898338317871093750000000
0.856657624244689941406250000000
0.664013922214508056640625000000
0.491335332393646240234375000000
0.554026246070861816406250000000
0.020943179726600646972656250000
0.251974940299987792968750000000
0.527131319046020507812500000000
0.719400405883789062500000000000
0.636886119842529296875000000000
0.636886119842529296875000000000
0.557589828968048095703125000000
0.075023800134658813476562500000
0.023360496386885643005371093750
0.314042568206787109375000000000
0.459205538034439086914062500000
0.459205538034439086914062500000
0.261490225791931152343750000000
0.261490225791931152343750000000
0.069221191108226776123046875000
0.069221191108226776123046875000
