1.06145
1.06145
6.37928
0.01
0.01
1.3536
1.3536
1.85539
0.148745
0.148745
0.140082
0.288827
0.724564
0.0697672
0.0697672
0.685965
0.755732
0.257659
0.437213
0.279411
0.279411
0.376701
0.478497
0.478497
0.177615
0.794493
0.262543
0.683167
0.683167
1.02998
1.49584
1.037
0.0204645
0.0204645
1.71122
0.223429
0.223429
0.190129
0.413558
1.31813
0.296786
0.00443387
0.00443387
0.925976
0.93041
1.09807
1.28315
0.259698
0.259698
0.402097
0.661795
0.381985
0.495081
0.495081
0.548699
1.8539
0.502106
0.265396
0.0169037
0.0169037
0.043741
0.0606447
0.204751
0.23671
0.57139
1.0735
1.82419
0.393905
0.376645
0.376645
2.91494
0.0200429
0.934352
3.19474