0.432453304529190063476562500000
0.790264904499053955078125000000
0.913465499877929687500000000000
1.400629997253417968750000000000
0.706596374511718750000000000000
0.282036811113357543945312500000
0.612414598464965820312500000000
0.927698433399200439453125000000
0.654081225395202636718750000000
0.204538494348526000976562500000
0.057973902672529220581054687500
0.082388408482074737548828125000
0.445164978504180908203125000000
0.445164978504180908203125000000
0.420750498771667480468750000000
0.053261369466781616210937500000
0.315283834934234619140625000000
0.263466864824295043945312500000
0.166916429996490478515625000000
0.151920199394226074218750000000
0.000000000000000000000000000000
0.000000000000000000000000000000
