0.863445520401000976562500000000
0.275281965732574462890625000000
0.631871342658996582031250000000
0.144931823015213012695312500000
0.509858667850494384765625000000
0.203074380755424499511718750000
0.573048949241638183593750000000
0.424470573663711547851562500000
0.933479905128479003906250000000
0.714586079120635986328125000000
0.437641024589538574218750000000
0.668376028537750244140625000000
0.230735033750534057617187500000
0.167613103985786437988281250000
0.094484873116016387939453125000
0.218893915414810180664062500000
0.124409027397632598876953125000
0.124409027397632598876953125000
