47 1
47 2
49 47
48 3
48 4
49 48
56 49
51 5
50 6
50 7
51 50
55 51
53 8
52 9
52 10
53 52
54 53
54 11
55 54
56 55
91 56
57 12
57 13
60 57
58 14
58 15
59 58
59 16
60 59
62 60
61 17
61 18
62 61
78 62
66 19
65 20
63 21
63 22
64 63
64 23
65 64
66 65
67 66
67 24
77 67
68 25
68 26
69 68
69 27
76 69
73 28
72 29
71 30
70 31
70 32
71 70
72 71
73 72
75 73
74 33
74 34
75 74
76 75
77 76
78 77
90 78
79 35
79 36
81 79
80 37
80 38
81 80
82 81
82 39
86 82
84 40
83 41
83 42
84 83
85 84
85 43
86 85
89 86
87 44
87 45
88 87
88 46
89 88
90 89
91 90