0.518991
0.518991
1.08501
0.130573
0.130573
1.47343
2.29029
1.51051
1.39381
1.39381
0.116698
1.35108
0.56922
0.0839344
0.0839344
0.485286
0.0675462
0.636767
2.22482
1.0327
1.95401
1.77749
1.77749
0.0289758
0.397467
0.397467
1.04232
1.43979
0.366673
1.1823
0.379106
0.379106
2.60966
2.38968
1.35921
1.10229
0.372458
0.372458
0.302473
0.674932
0.427354
0.256928
0.132751
1.49196
2.42363
0.205031
0.205031
1.53347
1.7385
1.04145
0.618676
0.581338
0.504032
0.164296
0.164296
0.339736
0.0773058
0.0373383
0.202013
0.144788
0.144788
0.675901
1.95926
1.13565
1.46285
0.335193
0.186162
0.186162
0.132977
0.057252
0.057252
0.261887
1.11917
1.43831
0.765121
0.609968
0.01
0.01
0.609968
0.382449
0.992417
1.21101
0.557983
0.0633499
0.0633499
1.31487
1.37822
1.38319
2.95223
0.134658