46 1
46 2
49 46
48 3
47 4
47 5
48 47
49 48
51 49
50 6
50 7
51 50
60 51
52 8
52 9
59 52
54 10
53 11
53 12
54 53
58 54
55 13
55 14
57 55
56 15
56 16
57 56
58 57
59 58
60 59
75 60
74 17
61 18
61 19
62 61
62 20
63 62
63 21
65 63
64 22
64 23
65 64
73 65
68 24
66 25
66 26
67 66
67 27
68 67
72 68
71 28
70 29
69 30
69 31
70 69
71 70
72 71
73 72
74 73
75 74
81 75
76 32
76 33
78 76
77 34
77 35
78 77
80 78
79 36
79 37
80 79
81 80
89 81
88 38
83 39
82 40
82 41
83 82
87 83
86 42
85 43
84 44
84 45
85 84
86 85
87 86
88 87
89 88