0.303262084722518920898437500000
0.466875970363616943359375000000
1.424247741699218750000000000000
0.784077525138854980468750000000
0.126593545079231262207031250000
0.640170276165008544921875000000
0.148689270019531250000000000000
0.058774195611476898193359375000
0.013413092121481895446777343750
0.058774195611476898193359375000
0.096760481595993041992187500000
0.259076923131942749023437500000
0.213715821504592895507812500000
0.089915089309215545654296875000
0.213715821504592895507812500000
0.089915089309215545654296875000
0.123800724744796752929687500000
0.026204898953437805175781250000
0.123800724744796752929687500000
0.026204898953437805175781250000
0.123800724744796752929687500000
0.026204898953437805175781250000
0.097587801516056060791015625000
0.097595825791358947753906250000
0.097587801516056060791015625000
0.097595825791358947753906250000
0.097587801516056060791015625000
0.097595825791358947753906250000
0.000008024275302886962890625000
0.000008024275302886962890625000
0.000008024275302886962890625000
0.000008024275302886962890625000
0.000008024275302886962890625000
0.000008024275302886962890625000
