0.991637
0.572137
0.572137
0.4195
0.201584
0.584392
0.406441
0.406441
0.177951
0.608829
0.43207
1.28917
1.28917
0.336119
1.24065
1.72172
0.851526
0.172173
0.172173
0.679353
0.870198
1.14422
0.231445
1.95126
1.95126
0.526922
1.07582
1.07582
1.40236
0.619207
0.739289
0.01
0.01
3.83667
0.738338
1.48578
0.00162386
0.00162386
0.468097
0.469721
1.01606
1.64075
2.63275
0.28571
0.014581
0.014581
0.271129
2.34704
0.0141705
0.759884
0.759884
1.88703
0.277415
1.56019
0.780633
0.780633
0.779561
1.25184
0.739534
0.739534
0.566503
0.808611
0.808611
0.497427
1.506
0.112292
0.202198
0.512099
2.79744
2.79744
0.841193
0.936385