0.00704771
0.00704771
0.855382
0.86243
2.35671
0.777286
0.599191
0.0148189
0.0148189
0.584372
0.178095
0.781813
0.756598
0.678902
0.678902
0.0776965
0.802501
0.643045
0.977356
0.161877
0.161877
0.815479
0.863687
0.0819975
0.0819975
0.42904
0.511037
0.553115
0.16787
0.0948974
0.0948974
0.0289874
0.123885
0.0439856
0.0174052
0.185276
0.878877
0.77689
0.257998
0.0276841
0.0276841
0.566046
0.456283
0.01
0.01
0.0439183
0.0439183
0.412365
0.137447
1.50531
0.103104
0.386452
2.5886
0.630542
1.46498
0.332972
0.332972
4.35115
1.018
0.759261
0.0413926
0.0413926
0.286919
0.186963
0.186963
0.141348
0.43095
3.16215
0.341909
0.341909
3.57951
1.43654
1.7412
0.0832497
0.0832497
0.301376
0.038682
0.038682
0.15362
0.192302
0.192324
0.766125
1.15075
0.590449
3.45842
2.63015
0.479442
0.468448
0.468448
0.0109944
0.355342
0.834784
1.79536
2.56947
0.158334
0.344158