3.00284
3.00284
0.495001
0.251909
0.251909
3.24593
27.3227
2.09629
0.518966
0.518966
1.57732
0.360565
0.601741
0.355358
0.355358
0.246383
0.228313
0.0490867
0.0490867
0.527732
0.576819
0.253235
0.432689
0.01
0.01
0.24364
0.24364
0.582205
0.36645
0.36645
0.459395
0.436897
0.849707
2.11245
0.344405
4.22759
0.0511897
0.0511897
0.319787
0.280372
0.280372
0.0906053
1.98636
0.0685717
0.0685717
2.28876
2.22024
1.51166
1.51166
0.709384
1.5586
0.743244
0.555455
0.555455
0.18779
0.815352
0.662443
0.335368
0.845834
0.845834
0.0683266
0.914161
1.44255
0.0793102
0.0793102
2.1923
0.29107
0.29107
1.98054
0.0851008
0.199698
0.87296
3.07544
0.0585637
0.0585637
0.0470021
0.00410982
0.00410982
0.101456
1.72831
1.83387
0.200021
0.825098
0.825098
0.498444
0.457827
0.457827
0.865715
0.710351
1.04155
0.353924
1.1482
2.10688
24.136