1.1321
0.11241
0.11241
0.41555
0.52796
0.604141
6.80588
0.0029888
0.01
0.01
0.0029888
0.762028
0.765017
7.17296
6.47288
0.139821
0.139821
1.40913
0.682439
0.682439
0.866306
0.547513
0.547513
1.00123
0.00020617
11.997
0.749323
0.749323
12.7966
0.519592
4.91434
1.83309
0.844591
0.317903
0.317903
0.526688
0.988502
1.79482
3.62791
1.28642
0.927909
3.36122
0.841015
0.841015
0.163247
0.744888
0.619186
0.619186
0.125702
0.259374
2.35696
2.48103
1.91665
0.927423
0.927423
1.60896
2.53638
1.19112
2.52525
0.00771875
0.00771875
1.20034
0.013984
0.013984
0.283938
0.243707
0.243707
0.0542157
0.910132
0.916446
0.185708
0.185708
0.796851
0.982559
0.366802
0.141024
0.141024
1.20834
0.77514
0.400749
1.20225
4.0314
6.30664
0.345318