1.56431
1.56431
0.642392
1.52228
1.52228
0.684427
0.84262
0.0401053
0.0401053
0.00469622
0.0448015
0.0926431
0.0125863
0.0125863
0.124858
0.301592
0.439037
0.00829399
0.16509
0.16509
0.282241
0.189876
0.637207
2.41212
3.87526
0.550118
0.277864
0.277864
0.272254
0.253007
0.116253
0.116253
0.652256
0.768509
0.0346155
1.01637
1.70326
1.70326
0.116225
1.56328
0.01
0.01
0.724374
0.724374
1.22395
0.305369
0.0765972
0.0765972
0.228772
0.22829
0.53326
0.53326
0.000399745
0.406744
0.940403
1.00792
1.43444
3.54181
0.863664
6.47631
6.47631
1.31193