0.537034392356872558593750000000
0.741705954074859619140625000000
0.089764274656772613525390625000
0.341695338487625122070312500000
0.597109317779541015625000000000
1.008482575416564941406250000000
0.112969174981117248535156250000
1.258294105529785156250000000000
0.024959988892078399658203125000
0.726866066455841064453125000000
0.720943391323089599609375000000
0.038812387734651565551757812500
0.566395461559295654296875000000
1.057498097419738769531250000000
0.256940007209777832031250000000
0.394404232501983642578125000000
0.338193088769912719726562500000
0.068380579352378845214843750000
0.137464269995689392089843750000
0.137464269995689392089843750000
