0.11913
0.11913
9.92646
0.380242
0.179121
0.179121
0.201121
0.140239
0.520481
5.23964
5.35307
0.142004
0.142004
0.464763
0.01
0.01
0.606767
0.418943
1.02571
3.10656
0.853573
0.842106
0.842106
0.0114671
0.573343
1.42692
1.84227
1.10595
0.0269437
0.0269437
0.628961
0.655905
0.450047
0.867324
1.97328
1.29591
0.863081
1.22081
0.407046
4.28546
2.76351
0.288926
0.288926
0.930961
1.21989
1.01395
1.1997
0.185053
0.185053
1.01465
0.542511
1.74221
0.491622
6.07997
2.39678
0.915634
0.174885
0.174885
0.740749
1.42725
0.342819
0.0289816
0.0289816
0.157747
0.186728
0.156091
0.268192
0.215207
0.215207
0.395804
0.0174378
0.628449
0.64174
0.328747
0.328747
0.941441
0.0595838
1.32977
1.01311
0.0539014
5.71556
0.400815
0.400815
7.71152
0.201465
4.49529