0.936507
0.01
0.01
0.936507
1.40039
2.3369
6.57311
0.424733
0.424733
0.0381379
0.462871
0.895797
1.35867
2.88936
0.989098
0.989098
0.10712
0.0682411
0.0682411
0.175898
0.0895644
0.0895644
0.154575
0.550546
0.794685
0.301533
0.798476
0.109114
0.109114
1.78558
0.581625
2.47632
1.77171
4.66198
0.0255104
1.46963
0.623163
0.623163
0.846469
1.71435
2.94075
0.607247
0.0616433
0.0616433
0.420527
0.281653
0.281653
0.200517
0.125076
0.65948
0.973447
0.939256
0.939256
0.0341916
0.293279
1.67402
0.243236
2.73192
0.805361
0.805361
2.41568
3.22104
2.69486
3.01962