50 1
48 2
46 3
46 4
47 46
47 5
48 47
49 48
49 6
50 49
54 50
53 7
52 8
51 9
51 10
52 51
53 52
54 53
72 54
71 11
55 12
55 13
57 55
56 14
56 15
57 56
58 57
58 16
59 58
59 17
70 59
61 18
60 19
60 20
61 60
62 61
62 21
66 62
64 22
63 23
63 24
64 63
65 64
65 25
66 65
69 66
67 26
67 27
68 67
68 28
69 68
70 69
71 70
72 71
83 72
79 29
73 30
73 31
76 73
74 32
74 33
75 74
75 34
76 75
78 76
77 35
77 36
78 77
79 78
82 79
80 37
80 38
81 80
81 39
82 81
83 82
89 83
88 40
84 41
84 42
87 84
85 43
85 44
86 85
86 45
87 86
88 87
89 88