3.01438
1.90601
0.0475543
0.0475543
0.680713
0.728267
1.17774
0.994235
2.90024
0.114131
2.28932
2.01729
1.16156
0.899839
0.899839
0.261717
0.855737
3.2864
3.89709
5.07383
0.113618
0.113618
0.243693
0.0560442
0.0560442
0.301266
1.12232
1.47963
1.22249
2.70212
0.854392
0.905438
0.01
0.01
0.905438
0.00889537
0.914334
1.4732
0.804338
0.0551842
0.0551842
0.749154
0.75062
1.55496
0.832574
0.188612
0.0783934
0.0783934
1.77271
1.8511
0.725046
0.980365
1.51732
4.12695
2.7512
3.17875
0.645914
0.645914
0.610266
0.0255313
0.0255313
0.0636503
0.0891817
1.167
0.0670592
0.633557
0.633557
0.689683
1.85551
0.63589
0.168853
0.168853
0.310023
0.478876
3.33576
8.13735
5.93124
11.8245
0.151214
0.151214
5.56982
0.316446
0.316446
0.131597
0.448043
5.27299
6.10342
6.05877