0.444219619035720825195312500000
0.214450523257255554199218750000
0.657955288887023925781250000000
0.195000529289245605468750000000
0.107928097248077392578125000000
0.084073320031166076660156250000
0.199426978826522827148437500000
0.132826298475265502929687500000
0.049637693911790847778320312500
0.978134155273437500000000000000
0.627397119998931884765625000000
0.773819327354431152343750000000
0.874672591686248779296875000000
0.288060694932937622070312500000
0.153352364897727966308593750000
0.190409243106842041015625000000
0.310284793376922607421875000000
0.649124145507812500000000000000
0.008582134731113910675048828125
0.532896339893341064453125000000
0.378219127655029296875000000000
0.378219127655029296875000000000
0.023782270029187202453613281250
0.062107346951961517333984375000
0.229139149188995361328125000000
0.229139149188995361328125000000
0.190814062952995300292968750000
0.190814062952995300292968750000
