0.599254
0.408634
0.0445821
0.0445821
0.364052
0.190619
0.863556
0.305259
0.305259
1.15755
0.00553367
0.151373
0.151373
0.264328
0.4157
1.05264
4.0807
2.54794
2.54794
3.0011
3.07305
5.21476
0.456552
0.416137
0.01
0.01
0.265063
0.265063
0.151074
0.0404154
3.02776
1.45573
1.45573
2.02859
0.53861
0.684013
0.684013
0.644623
1.32864
1.62934
1.25872
0.348389
0.348389
0.688628
1.03702
0.221708
0.312234
0.354583
0.119876
0.119876
0.234708
0.239603
0.299201
0.299201
0.294985
0.509264
1.10345
0.467509
0.234037
0.796085
0.357286
0.357286
0.438799
1.00891
1.15298
1.06495
1.19183
1.38761
0.293358
0.293358
0.495428
0.788786
1.13648
1.92527
0.0352008
1.13914
1.13914
0.124294
0.00998002
0.009522
0.009522
0.000458018
0.37374
0.38372
0.858536
0.0148178
0.0148178
1.22744
0.0211761
0.697037
0.18595
0.287555
0.287555
0.209532
0.497087
1.64933
4.45595
2.01972