3.13627
0.355063
0.355063
1.03605
0.943082
0.943082
0.448027
0.521961
0.900448
0.556387
0.0836523
0.0836523
0.37352
0.262557
0.262557
0.0667748
0.329331
0.127841
0.0992144
0.344062
1.01262
0.470782
2.38385
0.752414
2.44517
2.70001
2.70001
1.28713
2.98018
0.402376
0.402376
1.43228
0.0251346
0.0251346
1.14855
0.898628
0.544007
0.544007
0.354621
0.27506
0.660966
0.562718
0.483766
0.346108
0.346108
0.137658
0.15429
0.638056
0.543271
1.18133
0.32784
0.256296
0.256296
1.25287
0.296741
0.01
0.01
0.436819
0.0799933
0.0799933
0.356825
1.36909
0.0272446
0.246856
0.246856
0.201067
0.150763
0.150763
0.125296
0.276059
0.171864
1.38523
0.564219
0.582812
1.00696
1.11616
0.338002
0.133727
0.133727
0.204275
0.106292
0.127719
0.127719
0.316574
4.65901
0.478133