56 1
45 2
45 3
47 45
46 4
46 5
47 46
54 47
53 6
52 7
48 8
48 9
51 48
49 10
49 11
50 49
50 12
51 50
52 51
53 52
54 53
55 54
55 13
56 55
87 56
57 14
57 15
81 57
80 16
58 17
58 18
63 58
59 19
59 20
62 59
61 21
60 22
60 23
61 60
62 61
63 62
79 63
65 24
64 25
64 26
65 64
66 65
66 27
67 66
67 28
69 67
68 29
68 30
69 68
73 69
70 31
70 32
72 70
71 33
71 34
72 71
73 72
78 73
74 35
74 36
77 74
75 37
75 38
76 75
76 39
77 76
78 77
79 78
80 79
81 80
86 81
83 40
82 41
82 42
83 82
85 83
84 43
84 44
85 84
86 85
87 86