48 1
48 2
49 48
49 3
50 49
50 4
54 50
51 5
51 6
52 51
52 7
53 52
53 8
54 53
59 54
55 9
55 10
58 55
56 11
56 12
57 56
57 13
58 57
59 58
87 59
60 14
60 15
64 60
61 16
61 17
63 61
62 18
62 19
63 62
64 63
75 64
65 20
65 21
74 65
67 22
66 23
66 24
67 66
68 67
68 25
69 68
69 26
73 69
72 27
71 28
70 29
70 30
71 70
72 71
73 72
74 73
75 74
86 75
76 31
76 32
77 76
77 33
83 77
78 34
78 35
79 78
79 36
82 79
81 37
80 38
80 39
81 80
82 81
83 82
85 83
84 40
84 41
85 84
86 85
87 86
93 87
88 42
88 43
90 88
89 44
89 45
90 89
92 90
91 46
91 47
92 91
93 92