0.035063616931438446044921875000
1.089289188385009765625000000000
0.992446899414062500000000000000
0.866572499275207519531250000000
0.971000075340270996093750000000
0.005406843964010477066040039062
0.211388140916824340820312500000
0.547122180461883544921875000000
0.392969906330108642578125000000
0.755694508552551269531250000000
0.419960498809814453125000000000
0.419960498809814453125000000000
0.362724602222442626953125000000
0.258593142032623291015625000000
0.006061139516532421112060546875
0.104131452739238739013671875000
0.001489400863647460937500000000
0.001489400863647460937500000000
