2.52533
0.0457827
0.0457827
0.409231
0.455013
2.07031
2.13703
4.62335
4.62335
0.039016
5.5191
0.0975455
0.0542637
0.0542637
0.0432818
0.510674
0.60822
3.76722
1.44313
0.390922
0.0255872
0.0255872
0.365335
1.05221
2.93232
5.5994
0.01
0.01
0.0539263
0.0539263
4.62472
2.43661
0.202671
0.202671
0.00151763
0.204189
0.848803
1.05299
1.38361
1.31625
0.881401
0.197208
0.197208
0.684193
0.381019
0.190083
0.190083
1.07234
1.64362
2.90604
0.268339
0.494605
0.494605
1.18837
0.310515
0.310515
0.604073
0.914588
0.768391
1.44731
3.13029
0.044092
0.578477
0.925793
5.29619
0.206623