48 1
47 2
47 3
48 47
50 48
49 4
49 5
50 49
62 50
54 6
51 7
51 8
53 51
52 9
52 10
53 52
54 53
61 54
60 11
56 12
55 13
55 14
56 55
58 56
57 15
57 16
58 57
59 58
59 17
60 59
61 60
62 61
91 62
63 18
63 19
90 63
64 20
64 21
68 64
67 22
66 23
65 24
65 25
66 65
67 66
68 67
89 68
69 26
69 27
70 69
70 28
71 70
71 29
77 71
73 30
72 31
72 32
73 72
74 73
74 33
76 74
75 34
75 35
76 75
77 76
80 77
78 36
78 37
79 78
79 38
80 79
85 80
84 39
83 40
82 41
81 42
81 43
82 81
83 82
84 83
85 84
88 85
87 44
86 45
86 46
87 86
88 87
89 88
90 89
91 90