0.461319565773010253906250000000
0.498308241367340087890625000000
1.161530971527099609375000000000
1.501691937446594238281250000000
0.117098465561866760253906250000
0.340160906314849853515625000000
0.223062425851821899414062500000
0.192852571606636047363281250000
0.030209854245185852050781250000
0.030209854245185852050781250000
0.000000000000000000000000000000
0.000000000000000000000000000000
0.000000000000000000000000000000
0.000000000000000000000000000000
0.000000000000000000000000000000
0.000000000000000000000000000000
0.000000000000000000000000000000
0.000000000000000000000000000000
