52 1
50 2
50 3
51 50
51 4
52 51
71 52
55 5
54 6
53 7
53 8
54 53
55 54
57 55
56 9
56 10
57 56
63 57
58 11
58 12
62 58
61 13
59 14
59 15
60 59
60 16
61 60
62 61
63 62
70 63
66 17
65 18
64 19
64 20
65 64
66 65
69 66
67 21
67 22
68 67
68 23
69 68
70 69
71 70
97 71
72 24
72 25
73 72
73 26
96 73
74 27
74 28
84 74
76 29
75 30
75 31
76 75
79 76
78 32
77 33
77 34
78 77
79 78
83 79
80 35
80 36
82 80
81 37
81 38
82 81
83 82
84 83
95 84
88 39
85 40
85 41
86 85
86 42
87 86
87 43
88 87
90 88
89 44
89 45
90 89
94 90
93 46
92 47
91 48
91 49
92 91
93 92
94 93
95 94
96 95
97 96