0.0688386
0.0688386
1.08114
1.14998
2.80161
0.401253
0.401253
2.49455
1.56566
0.713605
0.01
0.01
0.547781
0.547781
0.165824
0.423366
0.195324
0.195324
0.941647
0.312856
1.44983
0.115832
1.33014
1.05579
2.58171
4.19814
0.111142
0.111142
0.261689
0.372831
3.82531
2.33516
1.19212
2.93628
2.93628
0.360873
0.789038
0.789038
1.45483
0.839863
0.305663
0.305663
0.534201
1.40401
0.679307
0.191644
0.191644
1.47611
1.22567
0.593977
0.593977
0.631688
0.0684723
1.29414
0.373615
1.25542
0.373976
1.75347
2.96463
0.1823
0.1823
0.111474
0.171646
0.171646
0.122128
1.44527
1.73905
1.22559
2.05808
1.28539
1.28539
3.73732
0.0279102
0.22528
0.127099
0.127099
1.51679
0.353095
0.353095
0.234252
0.218534
0.218534
0.26278
0.481314
0.106033
0.0836642
0.671011
0.618964
0.040485
0.040485
1.24949
0.353912
3.63202
2.44951