0.210592865943908691406250000000
0.130283281207084655761718750000
0.056833334267139434814453125000
0.240565717220306396484375000000
1.812883257865905761718750000000
0.358906775712966918945312500000
0.207584410905838012695312500000
0.063386708498001098632812500000
0.358727931976318359375000000000
1.726020216941833496093750000000
1.164768576622009277343750000000
0.323325514793395996093750000000
0.476745188236236572265625000000
1.367292284965515136718750000000
0.213331222534179687500000000000
0.793552637100219726562500000000
0.131035536527633666992187500000
1.092494130134582519531250000000
0.961458683013916015625000000000
0.666729688644409179687500000000
0.890547275543212890625000000000
0.094305500388145446777343750000
0.259401589632034301757812500000
0.016167040914297103881835937500
0.709770262241363525390625000000
0.373260676860809326171875000000
0.536840200424194335937500000000
0.485703259706497192382812500000
0.058954969048500061035156250000
0.476658105850219726562500000000
0.250830262899398803710937500000
0.453317791223526000976562500000
0.406814068555831909179687500000
0.406814068555831909179687500000
0.022443955764174461364746093750
0.294729024171829223632812500000
0.272285073995590209960937500000
0.272285073995590209960937500000
0.202487498521804809570312500000
0.116643562912940979003906250000
0.070304378867149353027343750000
0.070304378867149353027343750000
0.000000000000000000000000000000
0.000000000000000000000000000000
0.000000000000000000000000000000
0.000000000000000000000000000000
0.000000000000000000000000000000
0.000000000000000000000000000000
0.000000000000000000000000000000
0.000000000000000000000000000000
0.000000000000000000000000000000
0.000000000000000000000000000000
0.000000000000000000000000000000
0.000000000000000000000000000000
