1.50724
1.50724
2.735
4.24224
0.0542309
2.15233
0.455028
0.455028
0.890357
1.34539
0.806944
1.11451
0.538682
0.01
0.01
0.538682
0.124918
0.0275475
0.0275475
0.101652
0.1292
0.5344
0.693807
1.35741
0.261662
1.61907
1.05875
0.881434
0.881434
1.79638
0.589018
0.117947
3.38478
0.911689
0.697049
1.8529
0.770728
0.770728
0.525392
1.29612
0.556778
3.06813
0.994596
0.427702
0.33365
0.0330189
0.0330189
0.300631
0.0940517
0.154356
0.256192
0.256192
0.00713041
0.263322
0.00211715
0.26544
0.0967258
0.362165
0.219893
0.412537
1.67635
0.639454
0.639454
1.85103
1.1141
1.1141
1.37638
0.18046
2.25009
0.0724876