49 1
47 2
46 3
45 4
45 5
46 45
47 46
48 47
48 6
49 48
63 49
50 7
50 8
51 50
51 9
52 51
52 10
62 52
53 11
53 12
55 53
54 13
54 14
55 54
56 55
56 15
58 56
57 16
57 17
58 57
61 58
60 18
59 19
59 20
60 59
61 60
62 61
63 62
87 63
86 21
64 22
64 23
74 64
71 24
65 25
65 26
68 65
67 27
66 28
66 29
67 66
68 67
70 68
69 30
69 31
70 69
71 70
73 71
72 32
72 33
73 72
74 73
85 74
78 34
75 35
75 36
76 75
76 37
77 76
77 38
78 77
84 78
80 39
79 40
79 41
80 79
83 80
82 42
81 43
81 44
82 81
83 82
84 83
85 84
86 85
87 86