1.38196
0.01
0.01
1.38196
0.14011
1.28064
1.28064
0.241422
2.09778
0.311565
0.154894
0.154894
0.156672
2.79167
0.0247624
0.0247624
0.507962
0.532724
2.57051
0.516613
0.432718
4.05256
0.0134259
0.0866141
0.0866141
0.116919
0.203534
3.03198
0.064192
0.064192
2.25629
1.42806
1.42806
0.892422
0.915036
0.500509
0.00595979
0.00595979
3.73006
0.0172091
0.0909238
0.0909238
2.39183
2.48276
1.27048
0.312759
1.37621
0.559634
0.163851
0.163851
0.358323
0.522174
0.0374602
3.59781
0.831206
0.613245
0.613245
0.171058
0.11088
0.11088
0.673422
0.0469035
0.793332
1.57169
1.57169
0.0528434
2.53291
1.28476
0.198888
0.178695
0.178695
1.04967
0.441872
0.441872
0.786493
0.105629
1.33399
0.264694
0.605183
0.605183
0.993505
4.0424