0.258968472480773925781250000000
0.064240634441375732421875000000
0.012739872559905052185058593750
0.039036013185977935791015625000
0.558912217617034912109375000000
0.556633114814758300781250000000
1.171658754348754882812500000000
0.138890743255615234375000000000
0.318322986364364624023437500000
1.169379591941833496093750000000
0.013273860327899456024169921875
1.008754611015319824218750000000
0.439277470111846923828125000000
0.337108254432678222656250000000
0.682385802268981933593750000000
0.682385802268981933593750000000
0.024013351649045944213867187500
0.024013351649045944213867187500
0.000000000000000000000000000000
0.000000000000000000000000000000
0.000000000000000000000000000000
0.000000000000000000000000000000
0.000000000000000000000000000000
0.000000000000000000000000000000
0.000000000000000000000000000000
0.000000000000000000000000000000
