2.32199
0.933598
0.471199
0.471199
0.462399
1.38839
0.370688
0.0464159
0.0464159
2.64626
6.26153
0.78463
0.188366
0.188366
0.596264
0.554555
0.268908
0.268908
0.0115462
0.280454
1.05873
0.765219
0.765211
0.765211
0.359437
1.12465
0.979756
0.390067
0.928737
0.0548395
0.0548395
0.0373386
0.0280399
0.0280399
0.0641382
0.6158
0.0282108
0.0282108
0.679767
0.220759
1.56573
5.15292
2.58948
0.538823
0.538823
2.05066
3.2082
0.55989
0.55989
0.687996
0.887321
0.882569
0.882569
0.00475221
0.0954981
0.681394
0.01
0.01
0.681394
0.225551
0.906945
0.0758738
0.265067
1.49113
2.73902
1.24164
0.0854806
0.0854806
0.193372
0.180183
0.180183
0.09867
3.70181
0.0888901
4.06955
1.72813
1.84972
1.30682