0.689931
0.689931
0.281005
0.328945
0.328945
0.540547
0.869492
0.101444
0.883769
0.41322
0.149734
0.149734
0.109967
0.259701
0.153519
1.44148
0.228929
2.08363
2.07074
3.7363
0.721344
0.721344
0.046957
0.768301
0.158213
0.926514
2.80979
0.418068
2.61072
0.581673
0.01
0.01
0.581673
1.06191
0.0317762
0.0317762
1.39722
0.865803
0.865803
0.0144595
0.254357
0.254357
0.534451
0.0973751
0.0973751
0.691433
0.0914547
0.548737
0.0414057
0.250984
0.250984
0.521181
0.772165
0.69824
0.17318
1.02983
0.892892
0.308674
0.140854
0.140854
0.16782
0.24779
0.556464
0.336429
0.0281757
0.176896
0.176896
0.519626
0.696522
0.224546
1.45795
2.37901
0.2944
4.09168