0.795335948467254638671875000000
0.922219336032867431640625000000
0.188437819480895996093750000000
0.021035948768258094787597656250
0.110796742141246795654296875000
0.164028316736221313476562500000
0.192355155944824218750000000000
0.439601689577102661132812500000
0.454027175903320312500000000000
0.585786461830139160156250000000
0.383304148912429809570312500000
0.586190879344940185546875000000
0.338944405317306518554687500000
0.338944405317306518554687500000
0.139528080821037292480468750000
0.029753338545560836791992187500
