51 1
51 2
60 51
52 3
52 4
59 52
53 5
53 6
58 53
57 7
54 8
54 9
55 54
55 10
56 55
56 11
57 56
58 57
59 58
60 59
73 60
61 12
61 13
65 61
64 14
62 15
62 16
63 62
63 17
64 63
65 64
72 65
67 18
66 19
66 20
67 66
71 67
70 21
68 22
68 23
69 68
69 24
70 69
71 70
72 71
73 72
99 73
74 25
74 26
75 74
75 27
78 75
77 28
76 29
76 30
77 76
78 77
83 78
79 31
79 32
82 79
81 33
80 34
80 35
81 80
82 81
83 82
98 83
84 36
84 37
85 84
85 38
87 85
86 39
86 40
87 86
89 87
88 41
88 42
89 88
93 89
92 43
91 44
90 45
90 46
91 90
92 91
93 92
97 93
94 47
94 48
96 94
95 49
95 50
96 95
97 96
98 97
99 98