2.1926
1.70532
1.12489
1.12489
0.580435
0.487273
7.73465
0.0771919
0.0771919
0.476176
0.509557
0.509557
0.0438108
0.169789
0.446376
0.446376
0.276781
3.6966
1.0357
1.0357
0.761934
1.79764
0.952855
0.732078
0.123671
0.123671
0.460383
0.584054
0.148024
0.765173
1.49725
1.25324
0.996373
0.302989
0.01
0.01
0.0264861
0.0227789
0.0227789
0.00370721
0.276503
0.314671
0.61766
3.1292
0.326046
1.78997
0.953313
0.953313
0.836656
1.66426
0.10612
0.0651808
0.0651808
0.00846621
0.0200722
0.0200722
0.0535748
0.0324725
1.24069
0.122846
0.122846
1.22397
2.10741
0.0809491
1.30278
0.220419
0.220419
0.615372
0.835791
0.466991
2.23239
0.537736
0.346848
5.50749