0.066622100770473480224609375000
0.576618731021881103515625000000
0.903084933757781982421875000000
1.588269948959350585937500000000
0.260271877050399780273437500000
0.443309754133224487304687500000
0.092834390699863433837890625000
0.102393478155136108398437500000
0.121400237083435058593750000000
0.655438601970672607421875000000
0.241875410079956054687500000000
0.241875410079956054687500000000
0.546227335929870605468750000000
0.080760568380355834960937500000
0.120912313461303710937500000000
0.159170001745223999023437500000
0.087960243225097656250000000000
0.345107823610305786132812500000
0.345107823610305786132812500000
0.345107823610305786132812500000
0.257147580385208129882812500000
0.257147580385208129882812500000
0.038257692009210586547851562500
0.224193811416625976562500000000
0.185936123132705688476562500000
0.185937792062759399414062500000
0.160060048103332519531250000000
0.185937792062759399414062500000
0.000001668930053710937500000000
0.000001668930053710937500000000
0.000001668930053710937500000000
0.000001668930053710937500000000
