0.351252019405364990234375000000
0.064274489879608154296875000000
1.935725331306457519531250000000
0.100421704351902008056640625000
0.207883849740028381347656250000
0.438120752573013305664062500000
0.732976973056793212890625000000
0.017948566004633903503417968750
1.067701220512390136718750000000
0.381200462579727172851562500000
0.243116989731788635253906250000
0.115000493824481964111328125000
0.581239819526672363281250000000
0.190522998571395874023437500000
0.734055876731872558593750000000
1.172502756118774414062500000000
1.321896195411682128906250000000
1.321896195411682128906250000000
0.931179404258728027343750000000
0.014571062289178371429443359375
0.916608333587646484375000000000
0.916608333587646484375000000000
0.305152356624603271484375000000
0.387584418058395385742187500000
0.663126945495605468750000000000
0.387810707092285156250000000000
0.361765921115875244140625000000
0.035637054592370986938476562500
0.574981391429901123046875000000
0.144855707883834838867187500000
0.528186380863189697265625000000
0.528186380863189697265625000000
0.430125683546066284179687500000
0.430125683546066284179687500000
0.275316238403320312500000000000
0.275316238403320312500000000000
0.248852550983428955078125000000
0.093235045671463012695312500000
0.224680125713348388671875000000
0.224680125713348388671875000000
0.155617505311965942382812500000
0.155617505311965942382812500000
0.000000000000000000000000000000
0.000000000000000000000000000000
0.000000000000000000000000000000
0.000000000000000000000000000000
0.000000000000000000000000000000
0.000000000000000000000000000000
0.000000000000000000000000000000
0.000000000000000000000000000000
0.000000000000000000000000000000
0.000000000000000000000000000000
0.000000000000000000000000000000
0.000000000000000000000000000000
0.000000000000000000000000000000
0.000000000000000000000000000000
0.000000000000000000000000000000
0.000000000000000000000000000000
0.000000000000000000000000000000
0.000000000000000000000000000000
0.000000000000000000000000000000
0.000000000000000000000000000000
0.000000000000000000000000000000
0.000000000000000000000000000000
0.000000000000000000000000000000
0.000000000000000000000000000000
0.000000000000000000000000000000
0.000000000000000000000000000000
0.000000000000000000000000000000
0.000000000000000000000000000000
0.000000000000000000000000000000
0.000000000000000000000000000000
0.000000000000000000000000000000
0.000000000000000000000000000000
