0.058496773242950439453125000000
0.058496773242950439453125000000
0.360857367515563964843750000000
1.406930088996887207031250000000
0.720488011837005615234375000000
0.168650940060615539550781250000
0.148035928606986999511718750000
0.312347054481506347656250000000
0.015008630231022834777832031250
0.047283589839935302734375000000
0.032274961471557617187500000000
0.713519155979156494140625000000
1.221015214920043945312500000000
0.307892113924026489257812500000
1.039906144142150878906250000000
0.616045236587524414062500000000
0.124979734420776367187500000000
0.229862987995147705078125000000
0.913123130798339843750000000000
0.913123130798339843750000000000
0.057310026139020919799804687500
0.197656899690628051757812500000
0.069005101919174194335937500000
0.547659933567047119140625000000
0.358661800622940063476562500000
0.539771020412445068359375000000
0.534573316574096679687500000000
0.349727749824523925781250000000
0.181109189987182617187500000000
0.181109189987182617187500000000
0.061304379254579544067382812500
0.074791349470615386962890625000
0.106317847967147827148437500000
0.106317847967147827148437500000
0.000000000000000000000000000000
0.000000000000000000000000000000
0.000000000000000000000000000000
0.000000000000000000000000000000
0.000000000000000000000000000000
0.000000000000000000000000000000
