0.019726991653442382812500000000
0.019726991653442382812500000000
1.106630086898803710937500000000
0.106074169278144836425781250000
0.486141264438629150390625000000
0.191682368516921997070312500000
0.141273617744445800781250000000
0.141273617744445800781250000000
0.681294918060302734375000000000
0.981333196163177490234375000000
1.647310137748718261718750000000
0.421945571899414062500000000000
0.001291963155381381511688232422
0.966015100479125976562500000000
0.135409951210021972656250000000
0.233431890606880187988281250000
0.070584274828433990478515625000
0.297414988279342651367187500000
0.310436904430389404296875000000
0.310436904430389404296875000000
0.440818011760711669921875000000
0.440818011760711669921875000000
0.295765399932861328125000000000
0.355547070503234863281250000000
0.355547070503234863281250000000
0.224273294210433959960937500000
0.131273761391639709472656250000
0.032513156533241271972656250000
0.098760604858398437500000000000
0.058297879993915557861328125000
0.059781655669212341308593750000
0.059781655669212341308593750000
0.040462724864482879638671875000
0.040462724864482879638671875000
0.000007033348083496093750000000
0.000007033348083496093750000000
0.000007033348083496093750000000
0.000007033348083496093750000000
