45 1
45 2
46 45
46 3
47 46
47 4
50 47
48 5
48 6
49 48
49 7
50 49
72 50
60 8
51 9
51 10
52 51
52 11
53 52
53 12
54 53
54 13
59 54
58 14
57 15
56 16
55 17
55 18
56 55
57 56
58 57
59 58
60 59
71 60
69 19
63 20
62 21
61 22
61 23
62 61
63 62
64 63
64 24
65 64
65 25
68 65
66 26
66 27
67 66
67 28
68 67
69 68
70 69
70 29
71 70
72 71
73 72
73 30
87 73
74 31
74 32
75 74
75 33
77 75
76 34
76 35
77 76
78 77
78 36
79 78
79 37
82 79
81 38
80 39
80 40
81 80
82 81
86 82
83 41
83 42
85 83
84 43
84 44
85 84
86 85
87 86