0.01
0.01
0.170224
0.170224
0.454135
0.624359
2.89459
0.0785137
0.0785137
0.726548
0.805061
2.71389
1.37101
2.73315
0.278094
0.278094
0.120573
0.398667
0.119909
0.518576
0.622212
1.14079
1.5426
1.97321
1.25596
1.01607
0.807301
0.807301
0.208771
0.239886
0.717251
0.710183
0.0497621
1.70646
2.29459
1.05425
0.988645
0.0665313
0.0665313
0.922114
0.0656012
0.418564
1.47281
0.383324
1.85613
0.00353997
0.10928
0.10928
0.0740928
0.183373
1.6763
0.434915
0.0713197
2.36591
2.0737
0.450348
0.683966
5.57393
1.28215
0.0897932
0.0897932
0.0380814
0.127875
0.414284
0.258501
0.258501
0.283657
0.712483
1.25464
1.17572
2.43036
0.2764
0.965664
0.485159
0.485159
0.480505
1.7411
2.42631
0.613855
0.613855
2.33186
1.15828
1.15828
1.78744
2.18735
1.723