0.079677149653434753417968750000
0.231803506612777709960937500000
0.628672778606414794921875000000
0.628672778606414794921875000000
0.476546406745910644531250000000
0.476546406745910644531250000000
0.620056986808776855468750000000
1.291650176048278808593750000000
0.203851163387298583984375000000
0.081270530819892883300781250000
0.286696821451187133789062500000
1.195028424263000488281250000000
0.620056986808776855468750000000
1.291650176048278808593750000000
0.234092757105827331542968750000
0.944745481014251708984375000000
0.072506204247474670410156250000
0.328062415122985839843750000000
0.308000177145004272460937500000
0.343699693679809570312500000000
0.976286828517913818359375000000
0.878919482231140136718750000000
0.088143475353717803955078125000
0.088143475353717803955078125000
0.690279543399810791015625000000
0.690279543399810791015625000000
0.671593070030212402343750000000
0.014609585516154766082763671875
0.478835701942443847656250000000
0.654579997062683105468750000000
0.671593070030212402343750000000
0.526205003261566162109375000000
0.040715940296649932861328125000
0.654579997062683105468750000000
0.057818286120891571044921875000
0.671593070030212402343750000000
0.192757397890090942382812500000
0.192757397890090942382812500000
0.128375038504600524902343750000
0.145388111472129821777343750000
0.097367368638515472412109375000
0.097367368638515472412109375000
0.017013072967529296875000000000
0.017013072967529296875000000000
0.017013072967529296875000000000
0.017013072967529296875000000000
0.017013072967529296875000000000
0.017013072967529296875000000000
0.017013072967529296875000000000
0.017013072967529296875000000000
0.017013072967529296875000000000
0.017013072967529296875000000000
0.000000000000000000000000000000
0.000000000000000000000000000000
0.000000000000000000000000000000
0.000000000000000000000000000000
0.000000000000000000000000000000
0.000000000000000000000000000000
