"","x"
"Cospeciations",12
"Host_Speciations",18
"Host_Extinctions",7
"Symbiont_Speciations",14
"Symbiont_Extinctions",13
"Host_Spread/Switches",8
"Dispersals",NA
"Extirpations",NA
"Parafit_Stat",1077.04118978379
"Parafit_P-value",0.01
