0.091411828994750976562500000000
0.110402427613735198974609375000
0.777408361434936523437500000000
0.834302544593811035156250000000
0.519442200660705566406250000000
0.005928560625761747360229492188
0.263751387596130371093750000000
0.296637564897537231445312500000
0.721443235874176025390625000000
0.113661766052246093750000000000
0.522504687309265136718750000000
0.348501861095428466796875000000
0.358507543802261352539062500000
0.028864987194538116455078125000
0.411762684583663940429687500000
0.304785102605819702148437500000
0.223508670926094055175781250000
1.131180286407470703125000000000
1.074286103248596191406250000000
0.059933833777904510498046875000
0.020855896174907684326171875000
0.178122013807296752929687500000
0.990792512893676757812500000000
0.990792512893676757812500000000
0.202312216162681579589843750000
0.865588665008544921875000000000
0.833526253700256347656250000000
0.165777400135993957519531250000
0.656245529651641845703125000000
0.059901949018239974975585937500
0.216457560658454895019531250000
0.650048077106475830078125000000
0.607846856117248535156250000000
0.381741732358932495117187500000
0.446818947792053222656250000000
0.446818947792053222656250000000
0.013228436931967735290527343750
0.007430431898683309555053710938
0.011503358371555805206298828125
0.011503358371555805206298828125
0.000000000000000000000000000000
0.000000000000000000000000000000
