0.732149
0.568339
0.568339
0.16381
4.64208
0.0778194
0.0778194
2.59741
1.23916
0.58894
0.58894
0.0506333
0.639573
0.599587
0.444978
0.583083
0.281099
0.281099
0.301984
1.10105
0.326654
2.01079
0.664434
2.55987
1.6526
0.933913
0.0818358
0.0818358
0.185652
0.0761322
0.0761322
0.121356
0.197488
0.0699992
0.301795
0.569282
0.364631
0.71869
1.1041
0.00059809
0.00059809
2.7561
0.232037
2.98874
2.24635
0.13914
0.447765
1.91308
0.210179
0.210179
1.30349
1.51366
0.399414
0.850542
0.170653
0.170653
2.59297
0.371002
0.112234
0.112234
0.675664
0.72826
0.72826
0.0596376
2.0931
2.881
0.253621
1.3626
4.22848
0.469819
0.469819
1.06092
1.53074
0.423144
1.95388
2.27459
0.268747
0.365234
0.84371
0.84371
1.70813
2.55184
0.873928
3.42577
1.43669
0.838983
0.01
0.01
2.51371
0.182839
0.182839
1.06965
0.279991
0.279991
0.972502
1.26122
3.18773
0.120553