0.496309489011764526367187500000
0.080555215477943420410156250000
0.061390966176986694335937500000
0.436032861471176147460937500000
0.251911163330078125000000000000
0.495980143547058105468750000000
0.949486732482910156250000000000
0.504092395305633544921875000000
0.040423762053251266479492187500
0.781301915645599365234375000000
0.413732826709747314453125000000
0.371699780225753784179687500000
0.580771923065185546875000000000
0.197371542453765869140625000000
0.533925354480743408203125000000
0.533925354480743408203125000000
0.196358680725097656250000000000
0.073257014155387878417968750000
0.199427410960197448730468750000
0.310143321752548217773437500000
