1.06297
1.06297
3.17191
2.09126
0.625794
0.285379
0.23088
0.23088
0.0544985
0.340415
1.46546
1.27991
1.0723
0.413376
0.413376
0.658919
2.29887
0.741977
0.530217
0.495127
0.0372884
0.0372884
0.457839
0.0350895
0.924799
0.85813
0.516321
0.516321
0.341809
0.596886
0.0390392
0.95267
0.868978
0.194121
0.0237365
0.0237365
0.166169
0.189906
0.00421472
0.58589
0.780011
0.0889671
0.0836918
0.0716082
1.02428
0.469777
2.61908
0.121739
0.944221
0.968706
0.968706
1.60139
0.118139
0.01
0.01
0.118139
2.45196
1.0227
0.973111
0.973111
0.0844844
0.11986
0.11986
0.117565
0.237424
0.820171
0.975332
2.03293
1.55986
0.807654
3.42044
0.0106969
0.0106969
0.476341
0.487038
0.874954
1.36199
1.7703
1.56104
1.56104
1.57125
0.28815
0.980004
0.778654