47 1
47 2
48 47
48 3
58 48
52 4
49 5
49 6
51 49
50 7
50 8
51 50
52 51
57 52
53 9
53 10
54 53
54 11
56 54
55 12
55 13
56 55
57 56
58 57
88 58
61 14
60 15
59 16
59 17
60 59
61 60
63 61
62 18
62 19
63 62
67 63
65 20
64 21
64 22
65 64
66 65
66 23
67 66
87 67
68 24
68 25
73 68
69 26
69 27
72 69
70 28
70 29
71 70
71 30
72 71
73 72
77 73
74 31
74 32
75 74
75 33
76 75
76 34
77 76
84 77
83 35
78 36
78 37
81 78
79 38
79 39
80 79
80 40
81 80
82 81
82 41
83 82
84 83
86 84
85 42
85 43
86 85
87 86
88 87
91 88
89 44
89 45
90 89
90 46
91 90