0.710168
0.710168
0.574074
1.28424
6.43287
4.18603
0.223806
0.223806
2.43504
0.526868
0.526868
2.13198
1.52718
0.409359
0.0395083
0.0395083
0.175465
0.214973
0.628344
0.357252
0.357252
0.486065
3.75207
3.12173
4.15643
0.395976
0.312413
0.0670727
0.0670727
0.24534
0.083563
2.03385
1.37496
1.37496
1.05486
1.38337
0.89824
0.364507
0.364507
0.533733
0.871488
1.76973
2.04347
3.19701
0.00618176
0.00618176
1.73129
0.0585207
0.0585207
0.41446
0.0818457
0.0818457
0.217299
0.299144
0.173837
1.26449
0.952122
0.0356416
0.0356416
0.423892
0.459533
0.360942
0.820476
1.86912
0.0942053
0.850366
0.184218
0.184218
0.188828
0.01
0.01
0.0395427
0.0395427
0.333503
0.310344
0.68339
0.166976
1.93343
2.57627
5.27431
5.27431
0.0857618
1.65013
4.86334
17.2131
0.654596
0.654596
0.191022
0.845618
28.2411