0.006724529433995485305786132812
0.439617991447448730468750000000
0.011618342250585556030273437500
0.875993311405181884765625000000
0.868528306484222412109375000000
0.199288368225097656250000000000
0.149155482649803161621093750000
0.429900586605072021484375000000
0.261434704065322875976562500000
0.218920081853866577148437500000
0.039349842816591262817382812500
0.632671773433685302734375000000
0.445253044366836547851562500000
0.403749972581863403320312500000
0.491271942853927612304687500000
0.297010958194732666015625000000
0.457113385200500488281250000000
0.714631974697113037109375000000
0.131833732128143310546875000000
0.553334772586822509765625000000
0.439711719751358032226562500000
1.117282629013061523437500000000
0.324560046195983886718750000000
0.486355751752853393554687500000
0.062297649681568145751953125000
0.391189455986022949218750000000
1.045929908752441406250000000000
1.050831317901611328125000000000
0.104434788227081298828125000000
0.900762498378753662109375000000
0.303610920906066894531250000000
0.208382338285446166992187500000
0.663324713706970214843750000000
0.366255849599838256835937500000
0.066723719239234924316406250000
0.037384703755378723144531250000
0.272412061691284179687500000000
0.847941279411315917968750000000
0.246036067605018615722656250000
0.657139420509338378906250000000
0.097831770777702331542968750000
0.015513279475271701812744140625
0.034939531236886978149414062500
0.541770458221435546875000000000
0.313949972391128540039062500000
0.396185427904129028320312500000
0.249976038932800292968750000000
0.325225144624710083007812500000
0.152101188898086547851562500000
0.151414036750793457031250000000
0.016594976186752319335937500000
0.276291429996490478515625000000
0.185310438275337219238281250000
0.254795074462890625000000000000
0.259696453809738159179687500000
0.259696453809738159179687500000
0.083623141050338745117187500000
0.259696453809738159179687500000
0.210488528013229370117187500000
0.259696453809738159179687500000
0.259009301662445068359375000000
0.052143201231956481933593750000
0.152289450168609619140625000000
0.176073253154754638671875000000
0.066815391182899475097656250000
0.066815391182899475097656250000
0.049207910895347595214843750000
0.049207910895347595214843750000
0.004901377484202384948730468750
0.004901377484202384948730468750
0.004901377484202384948730468750
0.004901377484202384948730468750
0.000006914138793945312500000000
0.000006914138793945312500000000
