1.63387
0.0757789
0.0757789
0.132721
0.2085
0.146455
0.354955
0.155888
0.510843
0.412421
0.923264
0.52628
0.0470313
0.0470313
1.40251
0.184329
1.26778
0.318329
0.318329
1.2511
0.46839
0.46839
1.10104
0.537233
2.10667
0.794985
0.638627
0.563706
0.563706
0.409672
0.652066
0.0189237
0.0189237
0.1358
0.154724
0.497343
0.127479
0.779546
0.193832
0.569376
0.15336
0.15336
0.388463
0.541823
0.592378
1.1342
0.408553
0.901885
2.44464
0.222413
2.66705
0.873225
0.563821
0.00530276
0.00530276
0.13619
0.141493
1.89279
1.36021
1.36021
0.674073
1.38981
0.572753
0.572753
2.85134
0.68001
4.5969
2.24019
0.855678
0.000704835
0.000704835
0.0064573
0.00716214
0.848516
0.246581
0.01
0.01
1.00628
1.00628
0.0959836
1.13794
1.27062
1.20182
1.20182
0.266126
1.46795
2.04286
0.316488
0.0651895
0.0651895
3.76211
4.8737