1.667984724044799804687500000000
0.272402584552764892578125000000
1.448424458503723144531250000000
0.475843906402587890625000000000
0.116662979125976562500000000000
0.332015335559844970703125000000
0.085612341761589050292968750000
0.279173016548156738281250000000
0.215352356433868408203125000000
0.215352356433868408203125000000
0.193560689687728881835937500000
0.193560689687728881835937500000
0.000000000000000000000000000000
0.000000000000000000000000000000
0.000000000000000000000000000000
0.000000000000000000000000000000
0.000000000000000000000000000000
0.000000000000000000000000000000
0.000000000000000000000000000000
0.000000000000000000000000000000
0.000000000000000000000000000000
0.000000000000000000000000000000
0.000000000000000000000000000000
0.000000000000000000000000000000
