2.35594
2.13688
2.13688
0.219064
2.15089
0.825434
0.825434
1.79762
0.438246
0.438246
2.18481
1.88378
4.77844
4.61583
4.44877
3.64614
3.64614
0.802628
0.167056
4.66945
0.887517
0.516061
0.516061
4.29555
4.81161
2.11136
6.92296
0.806685
1.37034
0.0298566
0.0298566
1.34048
6.35931
0.568881
7.856
2.78893
0.110062
0.110062
0.620945
0.0125788
0.0125788
0.718428
2.05793
0.171402
0.40674
0.40674
0.407852
0.145626
0.145626
0.310332
0.01
0.01
0.455958
0.358634
2.14574
0.654306
0.256705
0.256705
3.35794
4.24136
0.442529
1.87426