0.990870237350463867187500000000
0.245478451251983642578125000000
0.002574486890807747840881347656
0.609289169311523437500000000000
0.742817282676696777343750000000
0.402424454689025878906250000000
0.136102557182312011718750000000
0.136102557182312011718750000000
0.853241920471191406250000000000
0.433631867170333862304687500000
0.202353000640869140625000000000
0.645506620407104492187500000000
0.202353000640869140625000000000
0.199954748153686523437500000000
0.135654121637344360351562500000
0.126529902219772338867187500000
0.207661733031272888183593750000
0.806776762008666992187500000000
0.299238920211791992187500000000
0.301882803440093994140625000000
0.245588853955268859863281250000
0.080416709184646606445312500000
0.463454067707061767578125000000
0.367902308702468872070312500000
0.495081186294555664062500000000
0.241495177149772644042968750000
0.363623142242431640625000000000
0.074999600648880004882812500000
0.172779411077499389648437500000
0.329909026622772216796875000000
0.288623541593551635742187500000
0.207510024309158325195312500000
0.157129630446434020996093750000
0.157129630446434020996093750000
0.081113532185554504394531250000
0.081113532185554504394531250000
0.044083774089813232421875000000
0.044083774089813232421875000000
0.000000000000000000000000000000
0.000000000000000000000000000000
