2.000000000000000000000000000000
0.138308539986610412597656250000
1.565426349639892578125000000000
0.224845305085182189941406250000
0.223188608884811401367187500000
0.244448825716972351074218750000
0.859620094299316406250000000000
0.227961435914039611816406250000
0.484819471836090087890625000000
0.214415326714515686035156250000
0.356326580047607421875000000000
0.251092255115509033203125000000
0.687639951705932617187500000000
0.096020728349685668945312500000
0.640116274356842041015625000000
0.885839402675628662109375000000
0.934603691101074218750000000000
0.893550217151641845703125000000
0.194026097655296325683593750000
0.177854359149932861328125000000
0.063439346849918365478515625000
0.087900459766387939453125000000
0.469390571117401123046875000000
0.173799470067024230957031250000
0.729723334312438964843750000000
0.082238510251045227050781250000
0.630309581756591796875000000000
0.123750783503055572509765625000
0.337122529745101928710937500000
0.230718210339546203613281250000
0.296265125274658203125000000000
0.182676047086715698242187500000
0.183037191629409790039062500000
0.196121722459793090820312500000
0.013084530830383300781250000000
0.013084530830383300781250000000
0.000000000000000000000000000000
0.000000000000000000000000000000
0.000000000000000000000000000000
0.000000000000000000000000000000
0.000000000000000000000000000000
0.000000000000000000000000000000
0.000000000000000000000000000000
0.000000000000000000000000000000
0.000000000000000000000000000000
0.000000000000000000000000000000
0.000000000000000000000000000000
0.000000000000000000000000000000
0.000000000000000000000000000000
0.000000000000000000000000000000
