1.16059
0.155337
0.155337
0.325799
0.29824
0.29824
0.182896
0.679455
1.02333
0.343697
0.343697
1.29444
1.63813
0.545789
3.38379
0.01
0.01
5.56771
0.678056
5.72363
2.54147
1.15932
0.183213
0.183213
0.345246
0.528459
0.630861
0.0914013
1.25072
0.0576755
1.3084
1.23308
2.25438
0.11347
0.11347
0.283519
0.396989
4.39886
0.927778
0.216568
0.382
0.111036
0.111036
0.140215
0.146288
0.146288
0.104963
0.130749
1.96413
2.34613
3.59406
0.30557
3.40498
0.732517
0.732517
0.312861
1.04538
1.28096
0.289384
0.289384
1.47911
0.301453
0.301453
1.15549
0.10153
0.0425006
0.0425006
0.0590293
1.35541
0.311547
0.557843
7.32441