0.528497040271759033203125000000
0.424562245607376098632812500000
0.970575332641601562500000000000
0.427984267473220825195312500000
1.471503138542175292968750000000
0.197658270597457885742187500000
0.070202670991420745849609375000
1.056518435478210449218750000000
0.110763885080814361572265625000
0.390446215867996215820312500000
0.764134764671325683593750000000
1.092876672744750976562500000000
0.202441483736038208007812500000
0.328743457794189453125000000000
0.000001549720764160156250000000
0.000001549720764160156250000000
