0.738535463809967041015625000000
0.019314156845211982727050781250
0.100620113313198089599609375000
0.175963550806045532226562500000
0.286651581525802612304687500000
1.056420207023620605468750000000
0.362825423479080200195312500000
0.358239322900772094726562500000
0.171061158180236816406250000000
0.464153587818145751953125000000
0.158956468105316162109375000000
0.219420522451400756835937500000
0.055641651153564453125000000000
0.646853923797607421875000000000
0.447803318500518798828125000000
0.703131556510925292968750000000
0.107834041118621826171875000000
0.013510100543498992919921875000
0.489307433366775512695312500000
0.168583989143371582031250000000
0.253394752740859985351562500000
0.126216232776641845703125000000
0.330212891101837158203125000000
0.432983577251434326171875000000
0.399721205234527587890625000000
0.399721205234527587890625000000
0.152557671070098876953125000000
0.255328357219696044921875000000
0.048997014760971069335937500000
0.043324556201696395874023437500
0.102763764560222625732421875000
0.102770678699016571044921875000
0.047343492507934570312500000000
0.083408102393150329589843750000
0.023570448160171508789062500000
0.056352734565734863281250000000
0.075821578502655029296875000000
0.075821578502655029296875000000
0.061099652200937271118164062500
0.049496766179800033569335937500
0.055427197366952896118164062500
0.055427197366952896118164062500
0.055427197366952896118164062500
0.055427197366952896118164062500
0.055420283228158950805664062500
0.055427197366952896118164062500
0.022644907236099243164062500000
0.022644907236099243164062500000
0.019362576305866241455078125000
0.019362576305866241455078125000
0.011602884158492088317871093750
0.011602884158492088317871093750
0.000006914138793945312500000000
0.000006914138793945312500000000
0.000006914138793945312500000000
0.000006914138793945312500000000
