55 1
45 2
45 3
54 45
46 4
46 5
53 46
47 6
47 7
49 47
48 8
48 9
49 48
52 49
51 10
50 11
50 12
51 50
52 51
53 52
54 53
55 54
87 55
56 13
56 14
65 56
60 15
59 16
58 17
57 18
57 19
58 57
59 58
60 59
63 60
62 20
61 21
61 22
62 61
63 62
64 63
64 23
65 64
86 65
80 24
79 25
72 26
66 27
66 28
71 66
67 29
67 30
70 67
69 31
68 32
68 33
69 68
70 69
71 70
72 71
76 72
73 34
73 35
74 73
74 36
75 74
75 37
76 75
77 76
77 38
78 77
78 39
79 78
80 79
85 80
82 40
81 41
81 42
82 81
84 82
83 43
83 44
84 83
85 84
86 85
87 86