0.0906885
0.0906885
2.33352
0.82622
0.711091
0.114513
0.0131218
0.0131218
0.0557234
0.0688451
0.0456681
0.401673
0.12945
0.12945
0.0158549
0.145305
0.36944
0.514745
0.00144106
0.194905
0.115129
1.59799
0.87095
0.195551
0.195551
1.31616
1.10385
0.0110762
0.0110762
1.09278
0.407857
1.44854
2.92742
2.92742
0.0328315
0.334904
1.00895
0.957832
0.957832
0.675004
0.19482
0.19482
0.0380599
0.23288
1.39996
0.444518
0.891409
0.413522
0.413522
0.477887
1.18594
2.22675
0.218756
0.805448
0.805448
1.96087
2.76632
0.848391
3.38794
0.785425
0.01
0.01
0.785425
2.60252
0.22677
0.908147