0.0289942
0.0289942
2.15306
2.18205
1.06183
0.436442
0.436442
2.80744
0.0548022
3.29868
1.85875
0.01
0.01
0.900657
0.900657
4.25678
1.6822
1.24984
0.068625
0.068625
1.18121
0.000534954
1.25037
0.0548182
0.0680336
0.0680336
1.23716
1.74453
3.04972
1.2141
1.01882
0.290572
0.290572
0.728249
1.85065
0.467156
0.467156
0.361694
0.82885
1.40061
1.84028
0.00430582
0.00430582
1.83598
0.389173
0.640011
1.39435
0.213423
0.240563
0.0657731
0.0657731
0.17479
2.57666
0.423371
0.307815
0.307815
0.115556
1.18502
1.60839
0.492926
0.611564
0.611564
0.0636455
0.675209
1.4261
0.715914
0.488625
0.840881
0.3031
0.3031
0.53778
2.22003
1.00108
0.0224728
0.0224728
0.978609
0.432499
0.101662
0.101662
1.33192
1.62733
0.244939
1.17139
2.36239