0.420784711837768554687500000000
0.084815651178359985351562500000
1.459086656570434570312500000000
0.180935040116310119628906250000
1.200575470924377441406250000000
0.191380023956298828125000000000
0.342666894197463989257812500000
0.299743473529815673828125000000
0.026546249166131019592285156250
0.224623769521713256835937500000
0.286284834146499633789062500000
0.666528344154357910156250000000
0.863468170166015625000000000000
0.166655167937278747558593750000
0.380243510007858276367187500000
0.037495698779821395874023437500
0.360208928585052490234375000000
0.333860933780670166015625000000
0.312812715768814086914062500000
0.077457800507545471191406250000
0.008886892348527908325195312500
0.008886892348527908325195312500
0.278664648532867431640625000000
0.339599192142486572265625000000
0.378640085458755493164062500000
0.378640085458755493164062500000
0.157753527164459228515625000000
0.095923431217670440673828125000
0.011208102107048034667968750000
0.209288269281387329101562500000
0.011208102107048034667968750000
0.031351272016763687133789062500
0.011208102107048034667968750000
0.101141899824142456054687500000
0.367431968450546264648437500000
0.367431968450546264648437500000
0.367428004741668701171875000000
0.254840552806854248046875000000
0.172408327460289001464843750000
0.367428004741668701171875000000
0.277498185634613037109375000000
0.277498185634613037109375000000
0.220882594585418701171875000000
0.220886558294296264648437500000
0.195019692182540893554687500000
0.195019692182540893554687500000
0.112591430544853210449218750000
0.112591430544853210449218750000
0.039040878415107727050781250000
0.039040878415107727050781250000
0.000003963708877563476562500000
0.000003963708877563476562500000
0.000003963708877563476562500000
0.000003963708877563476562500000
0.000003963708877563476562500000
0.000003963708877563476562500000
0.000003963708877563476562500000
0.000003963708877563476562500000
0.000003963708877563476562500000
0.000003963708877563476562500000
