0.174012526869773864746093750000
0.152365714311599731445312500000
0.903475940227508544921875000000
0.268798112869262695312500000000
0.288985341787338256835937500000
0.533154010772705078125000000000
0.254814237356185913085937500000
0.789200484752655029296875000000
1.024035215377807617187500000000
1.024035215377807617187500000000
0.647060990333557128906250000000
0.144498854875564575195312500000
0.145337745547294616699218750000
0.422809839248657226562500000000
0.056193605065345764160156250000
0.056193605065345764160156250000
0.000000000000000000000000000000
0.000000000000000000000000000000
