46 1
46 2
51 46
50 3
49 4
47 5
47 6
48 47
48 7
49 48
50 49
51 50
52 51
52 8
65 52
54 9
53 10
53 11
54 53
58 54
55 12
55 13
57 55
56 14
56 15
57 56
58 57
64 58
59 16
59 17
62 59
61 18
60 19
60 20
61 60
62 61
63 62
63 21
64 63
65 64
81 65
69 22
66 23
66 24
67 66
67 25
68 67
68 26
69 68
71 69
70 27
70 28
71 70
72 71
72 29
73 72
73 30
80 73
76 31
75 32
74 33
74 34
75 74
76 75
79 76
77 35
77 36
78 77
78 37
79 78
80 79
81 80
89 81
82 38
82 39
85 82
84 40
83 41
83 42
84 83
85 84
88 85
87 43
86 44
86 45
87 86
88 87
89 88