0.712351381778717041015625000000
0.811726212501525878906250000000
0.795751690864562988281250000000
0.670086681842803955078125000000
0.401930898427963256835937500000
0.331826329231262207031250000000
0.364550471305847167968750000000
0.238885462284088134765625000000
0.125664994120597839355468750000
0.352487444877624511718750000000
0.125664994120597839355468750000
0.371095985174179077148437500000
0.491892933845520019531250000000
0.236360609531402587890625000000
0.491892933845520019531250000000
0.183503001928329467773437500000
0.491892933845520019531250000000
0.183503001928329467773437500000
0.050956420600414276123046875000
0.183503001928329467773437500000
0.308393895626068115234375000000
0.052857600152492523193359375000
0.308393895626068115234375000000
0.052857600152492523193359375000
0.308393895626068115234375000000
0.052857600152492523193359375000
0.018608525395393371582031250000
0.018608525395393371582031250000
0.255536288022994995117187500000
0.255536288022994995117187500000
0.204810649156570434570312500000
0.026695910841226577758789062500
0.255536288022994995117187500000
0.255536288022994995117187500000
0.255536288022994995117187500000
0.255536288022994995117187500000
0.246465906500816345214843750000
0.246465906500816345214843750000
0.246465906500816345214843750000
0.246465906500816345214843750000
0.246465906500816345214843750000
0.149701029062271118164062500000
0.096764877438545227050781250000
0.096764877438545227050781250000
0.000000000000000000000000000000
0.000003933906555175781250000000
0.000000000000000000000000000000
0.000003933906555175781250000000
0.000000000000000000000000000000
0.000003933906555175781250000000
0.000000000000000000000000000000
0.000003933906555175781250000000
0.000000000000000000000000000000
0.000003933906555175781250000000
0.000000000000000000000000000000
0.000003933906555175781250000000
0.000000000000000000000000000000
0.000003933906555175781250000000
0.000000000000000000000000000000
0.000003933906555175781250000000
0.000000000000000000000000000000
0.000003933906555175781250000000
0.000000000000000000000000000000
0.000003933906555175781250000000
0.000000000000000000000000000000
0.000003933906555175781250000000
0.000000000000000000000000000000
0.000003933906555175781250000000
0.000000000000000000000000000000
0.000003933906555175781250000000
0.000000000000000000000000000000
0.000003933906555175781250000000
0.000000000000000000000000000000
0.000003933906555175781250000000
0.000000000000000000000000000000
0.000003933906555175781250000000
0.000000000000000000000000000000
0.000003933906555175781250000000
0.000000000000000000000000000000
0.000003933906555175781250000000
0.000000000000000000000000000000
0.000003933906555175781250000000
0.000000000000000000000000000000
0.000003933906555175781250000000
0.000000000000000000000000000000
0.000003933906555175781250000000
0.000000000000000000000000000000
0.000003933906555175781250000000
0.000000000000000000000000000000
0.000003933906555175781250000000
0.000000000000000000000000000000
0.000003933906555175781250000000
0.000000000000000000000000000000
0.000003933906555175781250000000
0.000000000000000000000000000000
0.000003933906555175781250000000
0.000000000000000000000000000000
0.000003933906555175781250000000
0.000000000000000000000000000000
0.000003933906555175781250000000
0.000000000000000000000000000000
0.000003933906555175781250000000
0.000000000000000000000000000000
0.000003933906555175781250000000
0.000000000000000000000000000000
0.000003933906555175781250000000
0.000000000000000000000000000000
0.000003933906555175781250000000
0.000000000000000000000000000000
0.000003933906555175781250000000
0.000000000000000000000000000000
0.000003933906555175781250000000
0.000000000000000000000000000000
0.000003933906555175781250000000
0.000000000000000000000000000000
0.000003933906555175781250000000
0.000000000000000000000000000000
0.000003933906555175781250000000
0.000000000000000000000000000000
0.000003933906555175781250000000
0.000000000000000000000000000000
0.000003933906555175781250000000
0.000000000000000000000000000000
0.000003933906555175781250000000
0.000000000000000000000000000000
0.000003933906555175781250000000
0.000000000000000000000000000000
0.000003933906555175781250000000
0.000000000000000000000000000000
0.000003933906555175781250000000
0.000000000000000000000000000000
0.000003933906555175781250000000
0.000000000000000000000000000000
0.000003933906555175781250000000
0.000000000000000000000000000000
0.000003933906555175781250000000
0.000000000000000000000000000000
0.000003933906555175781250000000
0.000000000000000000000000000000
0.000003933906555175781250000000
0.000000000000000000000000000000
0.000003933906555175781250000000
0.000000000000000000000000000000
0.000003933906555175781250000000
0.000000000000000000000000000000
0.000003933906555175781250000000
0.000000000000000000000000000000
0.000003933906555175781250000000
0.000000000000000000000000000000
0.000003933906555175781250000000
0.000000000000000000000000000000
0.000003933906555175781250000000
0.000000000000000000000000000000
0.000003933906555175781250000000
0.000000000000000000000000000000
0.000003933906555175781250000000
0.000000000000000000000000000000
0.000003933906555175781250000000
0.000000000000000000000000000000
0.000003933906555175781250000000
0.000000000000000000000000000000
0.000003933906555175781250000000
0.000000000000000000000000000000
0.000003933906555175781250000000
0.000000000000000000000000000000
0.000003933906555175781250000000
0.000000000000000000000000000000
0.000003933906555175781250000000
0.000000000000000000000000000000
0.000003933906555175781250000000
0.000000000000000000000000000000
0.000003933906555175781250000000
0.000000000000000000000000000000
0.000003933906555175781250000000
0.000000000000000000000000000000
0.000003933906555175781250000000
0.000000000000000000000000000000
0.000003933906555175781250000000
0.000000000000000000000000000000
0.000003933906555175781250000000
0.000000000000000000000000000000
0.000003933906555175781250000000
0.000000000000000000000000000000
0.000003933906555175781250000000
0.000000000000000000000000000000
0.000003933906555175781250000000
0.000000000000000000000000000000
0.000003933906555175781250000000
0.000000000000000000000000000000
0.000003933906555175781250000000
0.000000000000000000000000000000
0.000003933906555175781250000000
0.000000000000000000000000000000
0.000003933906555175781250000000
0.000000000000000000000000000000
0.000003933906555175781250000000
0.000000000000000000000000000000
0.000003933906555175781250000000
0.000000000000000000000000000000
0.000003933906555175781250000000
0.000003933906555175781250000000
0.000003933906555175781250000000
0.000000000000000000000000000000
0.000003933906555175781250000000
0.000000000000000000000000000000
0.000003933906555175781250000000
0.000003933906555175781250000000
0.000003933906555175781250000000
0.000003933906555175781250000000
0.000003933906555175781250000000
