53 1
50 2
50 3
52 50
51 4
51 5
52 51
53 52
72 53
56 6
54 7
54 8
55 54
55 9
56 55
61 56
60 10
59 11
57 12
57 13
58 57
58 14
59 58
60 59
61 60
70 61
62 15
62 16
63 62
63 17
64 63
64 18
69 64
66 19
65 20
65 21
66 65
68 66
67 22
67 23
68 67
69 68
70 69
71 70
71 24
72 71
77 72
73 25
73 26
74 73
74 27
76 74
75 28
75 29
76 75
77 76
92 77
78 30
78 31
79 78
79 32
86 79
83 33
81 34
80 35
80 36
81 80
82 81
82 37
83 82
85 83
84 38
84 39
85 84
86 85
91 86
90 40
89 41
87 42
87 43
88 87
88 44
89 88
90 89
91 90
92 91
97 92
93 45
93 46
95 93
94 47
94 48
95 94
96 95
96 49
97 96