2.01628
0.0743492
0.0743492
1.6088
0.00441355
0.00441355
1.67873
0.333132
1.72928
0.90103
0.213081
0.213081
0.214304
0.427386
0.473644
1.98763
2.81908
0.563308
0.0496411
0.0496411
0.228048
0.277689
0.285619
2.25577
0.0695774
0.0111368
0.233187
0.233187
0.912129
1.14532
0.217325
1.36264
0.0505185
0.138569
0.0435379
0.0435379
0.0950313
0.439221
0.410992
0.410992
0.166798
0.835369
1.48663
0.485874
3.38567
0.359886
0.321618
0.339921
0.339921
0.554966
0.894887
1.4905
1.97276
1.97276
0.41262
1.68179
2.06643
2.35736
2.35736
0.214413
2.57177
0.574242
1.52315
0.782732
0.230492
0.230492
0.55224
0.29242
1.07515
0.447996
0.624476
0.01
0.01
2.14762
0.998389
0.96547
2.82622
2.38969
0.957107
0.957107
1.08185
2.03895
0.350731
0.436537
1.28526
2.02212
2.62056
0.33488
0.33488
1.64113
0.116014
0.116014
1.86
0.381729
2.35774
6.39642