0.806403994560241699218750000000
0.721500277519226074218750000000
0.839668095111846923828125000000
0.114698298275470733642578125000
1.193595886230468750000000000000
0.093752510845661163330078125000
0.926247835159301757812500000000
0.261414289474487304687500000000
0.902382671833038330078125000000
0.061977274715900421142578125000
0.210874378681182861328125000000
0.438831537961959838867187500000
0.047356128692626953125000000000
0.227957159280776977539062500000
0.000004418194293975830078125000
0.000004418194293975830078125000
