0.176342800259590148925781250000
0.359934538602828979492187500000
1.573110938072204589843750000000
0.268299549818038940429687500000
1.380548715591430664062500000000
1.303916215896606445312500000000
0.211829647421836853027343750000
0.251441359519958496093750000000
0.250546246767044067382812500000
0.250546246767044067382812500000
0.039611723273992538452148437500
0.039611723273992538452148437500
0.000000000000000000000000000000
0.000000000000000000000000000000
0.000000000000000000000000000000
0.000000000000000000000000000000
