2.33425
2.17786
0.0157481
0.0157481
0.20068
0.216428
1.96143
0.156389
3.16723
3.13412
0.80634
0.0149172
0.0149172
0.215644
0.230561
0.433164
0.663725
0.142614
0.368248
1.17459
1.86321
0.161373
0.161373
2.87642
0.0963197
0.747161
3.88128
1.62021
2.20561
0.618657
0.618657
0.88597
0.783518
0.783518
0.721109
1.05677
1.39341
0.562557
0.0656677
0.0656677
0.0214543
0.087122
0.0551804
0.142302
0.420254
0.205426
0.418907
0.418907
0.349076
0.505756
0.01
0.01
0.727662
0.727662
0.546076
0.119669
0.60166
1.99507
0.566332
3.4963
1.45564
1.45564
1.95506
0.294284
0.294284
0.223819
0.518103
0.167533
0.685636
1.5821
0.79799
0.0688775
0.0688775
0.729113
1.46975
1.14296
2.64699
1.64939