49 1
48 2
48 3
49 48
51 49
50 4
50 5
51 50
93 51
52 6
52 7
61 52
53 8
53 9
57 53
54 10
54 11
56 54
55 12
55 13
56 55
57 56
60 57
58 14
58 15
59 58
59 16
60 59
61 60
92 61
62 17
62 18
63 62
63 19
66 63
64 20
64 21
65 64
65 22
66 65
81 66
67 23
67 24
68 67
68 25
78 68
77 26
71 27
70 28
69 29
69 30
70 69
71 70
75 71
74 31
72 32
72 33
73 72
73 34
74 73
75 74
76 75
76 35
77 76
78 77
80 78
79 36
79 37
80 79
81 80
91 81
82 38
82 39
83 82
83 40
86 83
85 41
84 42
84 43
85 84
86 85
90 86
87 44
87 45
89 87
88 46
88 47
89 88
90 89
91 90
92 91
93 92