9.41143
3.33845
0.848899
0.0797209
0.0797209
0.206719
0.155159
0.155159
0.131282
0.562459
0.0334732
0.882372
0.042179
0.924551
2.4139
2.71042
0.899955
0.899955
1.57011
0.157522
0.00296957
0.00296957
0.154552
2.31255
3.5788
2.58531
0.655262
0.655262
0.476693
1.13196
1.28992
2.42188
0.601228
3.02311
2.57238
1.85055
0.1298
0.1298
1.72075
0.956983
0.741275
0.741275
2.06626
2.78796
0.17254
4.04007
0.196272
0.163849
0.163849
0.0324235
2.23326
2.1569
2.1569
0.237491
2.39439
0.0351338
1.61054
1.69423
5.7343
0.0337315
0.813327
6.58136
1.93449
0.547468
0.273307
0.273307
0.274161
1.16758
1.04727
0.01
0.01
0.106261
0.106261
0.941013
0.667774
6.80079
0.118341
0.777246