0.692887
0.692887
1.15079
1.84368
1.4703
0.535605
0.192791
0.192791
0.342814
1.2796
0.307031
0.00732258
0.00732258
0.299709
1.50817
1.49877
0.811948
0.206662
0.206662
1.90543
0.22627
0.22627
1.88582
1.17942
0.404654
0.123735
0.123735
0.28092
0.262826
0.255877
0.255877
0.411603
0.366757
1.03424
1.00025
0.0707625
0.0707625
1.47527
1.54603
0.154054
1.70009
0.334397
1.25702
0.0566803
0.711902
0.10343
0.10343
0.333117
0.0211368
0.0211368
0.415411
0.0800413
0.516589
0.195313
0.242236
0.165659
0.165659
0.783866
0.178653
0.178653
0.346352
0.19104
0.19104
0.333965
0.35345
0.878455
0.0710707
0.00461285
0.123225
0.01
0.01
1.07736
2.27083
0.777734
1.39702
0.372934
0.372934
5.15001
0.727788
3.68721
1.20916
1.20916
2.47806
2.56352
1.32482
7.57555