0.971559
0.971559
0.853605
0.00639503
0.00639503
0.528522
0.534917
0.433519
0.589388
0.220657
0.220657
0.208227
0.428884
0.160504
0.379048
0.841899
1.81033
0.0148304
0.237999
2.06316
1.16644
0.62184
0.62184
2.60777
7.00445
1.3766
0.383656
0.383656
0.973081
0.315041
0.315041
1.0417
0.0198639
0.888241
2.26484
1.79918
0.38301
0.38301
1.09128
1.47429
1.39754
2.87183
1.1922
0.74436
0.0396668
0.0396668
1.80795
1.51881
1.51881
0.328807
0.399217
0.155988
0.155988
2.09085
1.75184
3.99868
0.809705
0.613706
0.20736
0.20736
5.21473
3.46259
1.61581
0.511262
0.20214
0.20214
0.00487201
0.207012
0.30425
1.10454
2.71627
2.09649
0.380575
0.380575
1.71591
0.101944
0.0268073
0.0268073
2.17162
2.13364
0.819676
0.01
0.01
4.54387
3.09026
1.11913
1.11913
0.180854
1.29999
1.01089
2.31088
0.779382
1.45361
0.60788
3.73293
1.34938