5.53816
1.07655
0.152216
0.152216
0.924338
2.16637
0.812482
0.812482
1.27987
0.412033
0.412033
1.68031
1.03161
0.166755
0.166755
0.680576
0.847331
1.00915
0.482986
0.482986
0.997138
0.01
0.01
0.697225
0.697225
0.288153
0.960816
0.960816
0.0245615
0.494746
0.376361
1.26747
0.118974
0.422497
0.991437
0.991437
2.22111
0.0145073
0.0145073
3.19804
0.452879
1.5535
0.868782
0.868782
2.12392
2.9927
2.20837
1.27209
0.0342942
0.0342942
1.2378
2.91467
2.85981
1.04186
0.311549
0.311549
0.730311
1.81795
1.3087
4.16851
0.0182498
1.01431
0.0178456
0.07494
3.1925
0.17488
0.17488
1.14043
0.885847
0.228065
0.228065
0.657782
0.429467
0.0521825
1.3675
1.59668
0.11942
0.11942
2.84475
0.228331
2.10136
0.244296