2.55301
0.694807
0.220997
0.220997
0.47381
0.685921
1.38073
1.17229
0.609195
3.16221
0.589659
0.284181
0.284181
1.28776
0.627183
0.627183
0.944757
0.374233
1.94617
0.39799
2.34416
0.253785
2.59795
1.15392
0.830886
1.3271
1.3271
0.740204
1.82372
0.695274
0.634835
0.634835
0.0459214
0.680756
0.0145182
0.0808014
0.776076
1.04764
0.243588
2.51545
0.051694
0.662266
0.138382
0.107948
0.107948
0.0304337
0.523884
1.02284
1.44145
1.44145
0.243653
2.92488
1.80623
0.596849
0.596849
0.0516531
0.648503
0.257896
0.906398
0.429081
0.01
0.01
1.33548
0.470754
0.0929581
1.89919
2.15628
0.615245
0.0903795
0.0903795
0.0280792
0.118459
0.496786
1.0759
0.688136
0.595
0.595
0.0931366
1.00301
2.36433
0.554506
0.0244675
0.267266
4.90171