0.266474068164825439453125000000
0.416517078876495361328125000000
0.269516438245773315429687500000
1.733526110649108886718750000000
1.454247117042541503906250000000
0.122173637151718139648437500000
0.028368232771754264831542968750
0.692665457725524902343750000000
0.990629076957702636718750000000
1.093295454978942871093750000000
0.576238393783569335937500000000
0.768643975257873535156250000000
0.442312240600585937500000000000
0.059444289654493331909179687500
0.137547910213470458984375000000
0.382867962121963500976562500000
0.245320051908493041992187500000
0.245320051908493041992187500000
0.000000000000000000000000000000
0.000000000000000000000000000000
0.000000000000000000000000000000
0.000000000000000000000000000000
