0.385558277368545532226562500000
1.393095374107360839843750000000
0.122321553528308868408203125000
1.079752683639526367187500000000
0.364817798137664794921875000000
0.182078301906585693359375000000
0.404856473207473754882812500000
0.391580730676651000976562500000
0.713242352008819580078125000000
0.577223598957061767578125000000
0.606904625892639160156250000000
0.172528415918350219726562500000
0.434376239776611328125000000000
0.434376239776611328125000000000
0.145222336053848266601562500000
0.145222336053848266601562500000
