6.04387
0.588237
0.291207
0.192675
0.192675
0.0985318
0.104112
0.118035
0.118035
0.277283
0.192918
2.21579
0.0504769
0.0504769
1.5743
0.00893638
0.00893638
1.61584
1.11212
0.624509
0.624509
1.34103
0.792434
0.133498
0.133498
0.498401
0.631899
0.160535
0.056851
0.012697
0.012697
0.836588
1.11625
0.771348
0.0671386
3.23984
1.14094
1.68374
1.38832
1.38832
0.295414
3.66356
2.56389
0.453017
0.453017
0.341593
0.79461
1.17392
0.01
0.01
0.707371
0.707371
1.26116
0.595358
0.216897
0.314031
0.314031
2.46675
2.56651
1.02748
0.398138
0.398138
0.0399653
0.438103
2.24008
2.67818
3.6966
0.810031