0.169806376099586486816406250000
0.314800083637237548828125000000
1.381995081901550292968750000000
0.391729116439819335937500000000
0.817378222942352294921875000000
0.133997097611427307128906250000
0.991664767265319824218750000000
0.197263211011886596679687500000
1.326338648796081542968750000000
0.490952908992767333984375000000
0.395681619644165039062500000000
1.241813778877258300781250000000
0.613527894020080566406250000000
0.613527894020080566406250000000
0.193904608488082885742187500000
0.193904608488082885742187500000
0.254293978214263916015625000000
0.142168000340461730957031250000
0.254293978214263916015625000000
0.142168000340461730957031250000
0.220228731632232666015625000000
0.061197992414236068725585937500
0.254293978214263916015625000000
0.142168000340461730957031250000
0.112125977873802185058593750000
0.112125977873802185058593750000
0.112125977873802185058593750000
0.036392569541931152343750000000
0.092637345194816589355468750000
0.065096884965896606445312500000
0.112125977873802185058593750000
0.112125977873802185058593750000
0.112125977873802185058593750000
0.112125977873802185058593750000
0.000000000000000000000000000000
0.000000000000000000000000000000
0.000000000000000000000000000000
0.000000000000000000000000000000
0.000000000000000000000000000000
0.000000000000000000000000000000
0.000000000000000000000000000000
0.000000000000000000000000000000
0.000000000000000000000000000000
0.000000000000000000000000000000
