0.888145804405212402343750000000
0.780278384685516357421875000000
0.529297828674316406250000000000
1.111854076385498046875000000000
0.317998647689819335937500000000
0.444443523883819580078125000000
0.264557629823684692382812500000
0.253616392612457275390625000000
0.138112738728523254394531250000
0.103937625885009765625000000000
0.010941226035356521606445312500
0.010941226035356521606445312500
0.000000000000000000000000000000
0.000000000000000000000000000000
0.000000000000000000000000000000
0.000000000000000000000000000000
