0.229301
0.229301
2.33328
2.52384
2.52384
0.0387371
2.24458
3.38664
0.697526
0.697526
2.68911
1.42052
1.39113
0.494303
0.494303
0.180304
0.148068
0.148068
0.236095
0.384162
0.288519
0.672681
0.00192555
2.84427
0.276374
0.276374
2.41307
0.939171
0.939171
0.851724
0.0252304
0.0252304
1.56243
1.58766
0.203232
0.898553
0.829432
0.0584565
0.550593
0.035774
0.035774
0.514819
0.502131
0.453552
0.453552
0.236746
0.690297
0.362427
1.23766
1.71134
1.71134
0.579042
1.28695
0.0397564
1.40917
1.40917
0.80713
0.01
0.01
0.181316
0.181316
2.03498
0.01494
0.212067
0.212067
1.31348
0.980285
0.242134
0.242134
0.738151
0.435997
1.27806
1.27806
0.138227
0.109268
0.705689
1.34246
2.75946
2.75946
0.814243
0.0433893
2.58119