0.553096413612365722656250000000
0.574274241924285888671875000000
0.164162650704383850097656250000
0.132335767149925231933593750000
0.404439866542816162109375000000
0.857615709304809570312500000000
0.453175872564315795898437500000
0.632309496402740478515625000000
0.405956029891967773437500000000
0.456951975822448730468750000000
0.456951975822448730468750000000
0.255919992923736572265625000000
0.076786354184150695800781250000
0.226822391152381896972656250000
0.201031982898712158203125000000
0.201031982898712158203125000000
0.201031982898712158203125000000
0.201031982898712158203125000000
0.050995945930480957031250000000
0.050995945930480957031250000000
0.050995945930480957031250000000
0.050995945930480957031250000000
0.000000000000000000000000000000
0.000000000000000000000000000000
