1.072526216506958007812500000000
0.112848684191703796386718750000
0.304971814155578613281250000000
0.170715898275375366210937500000
0.756757915019989013671875000000
0.315415084362030029296875000000
0.622502028942108154296875000000
0.622502028942108154296875000000
0.348953813314437866210937500000
0.441342860460281372070312500000
0.092389047145843505859375000000
0.092389047145843505859375000000
0.000000000000000000000000000000
0.000000000000000000000000000000
0.000000000000000000000000000000
0.000000000000000000000000000000
