0.329653
0.329653
1.45976
0.01
0.01
1.78942
5.97284
1.28346
1.28346
6.4788
2.01496
2.19967
2.19967
1.19919
0.13683
0.13683
2.03748
0.878891
0.878891
1.29541
1.22455
5.03469
8.43355
1.34367
3.8044
0.46182
0.262431
0.262431
0.199388
8.91521
0.116975
0.116975
0.909308
0.891271
0.486567
0.153219
0.153219
0.333347
0.404704
0.135012
2.47547
1.05819
1.05819
1.63349
0.34152
0.34152
0.0626842
0.404204
2.28747
0.810085
5.87527
1.81817
0.651314
0.651314
0.8792
1.53051
0.289961
0.562654
0.500574
0.500574
0.0620794
1.25782
9.37472
2.38642