0.329406678676605224609375000000
0.000684627972077578306198120117
0.518213152885437011718750000000
0.737100839614868164062500000000
0.045631501823663711547851562500
0.339008927345275878906250000000
0.221368804574012756347656250000
0.030451819300651550292968750000
0.957858800888061523437500000000
0.368178874254226684570312500000
0.318070739507675170898437500000
0.083459153771400451660156250000
0.822363853454589843750000000000
0.280613422393798828125000000000
0.093122750520706176757812500000
0.540896296501159667968750000000
0.417499572038650512695312500000
0.469809532165527343750000000000
1.133208155632019042968750000000
0.385347396135330200195312500000
0.747861027717590332031250000000
0.457872688770294189453125000000
0.734810352325439453125000000000
0.565070033073425292968750000000
0.014692930504679679870605468750
0.693222045898437500000000000000
0.411962956190109252929687500000
0.415540844202041625976562500000
0.421029597520828247070312500000
0.636651039123535156250000000000
0.173853278160095214843750000000
0.411903411149978637695312500000
0.226913720369338989257812500000
0.407375723123550415039062500000
0.289988309144973754882812500000
0.030787184834480285644531250000
0.127532094717025756835937500000
0.051080841571092605590820312500
0.269894003868103027343750000000
0.210147976875305175781250000000
0.259201139211654663085937500000
0.088294722139835357666015625000
0.222391054034233093261718750000
0.222391054034233093261718750000
0.180461987853050231933593750000
0.180461987853050231933593750000
0.180461987853050231933593750000
0.180461987853050231933593750000
0.170906469225883483886718750000
0.170906469225883483886718750000
0.145939826965332031250000000000
0.145939826965332031250000000000
0.059746045619249343872070312500
0.059746045619249343872070312500
