0.719256281852722167968750000000
0.000122429773909971117973327637
0.140766292810440063476562500000
1.554267883300781250000000000000
1.713549375534057617187500000000
0.092512741684913635253906250000
0.021411472931504249572753906250
0.076513528823852539062500000000
0.525239586830139160156250000000
1.067667126655578613281250000000
0.476855993270874023437500000000
0.476855993270874023437500000000
0.145561993122100830078125000000
0.145561993122100830078125000000
0.145561993122100830078125000000
0.145561993122100830078125000000
0.145561993122100830078125000000
0.122532151639461517333984375000
0.000000000000000000000000000000
0.000000000000000000000000000000
0.000000000000000000000000000000
0.000000000000000000000000000000
0.000000000000000000000000000000
0.000000000000000000000000000000
