51 1
50 2
50 3
51 50
54 51
52 4
52 5
53 52
53 6
54 53
95 54
56 7
55 8
55 9
56 55
59 56
58 10
57 11
57 12
58 57
59 58
65 59
60 13
60 14
64 60
63 15
61 16
61 17
62 61
62 18
63 62
64 63
65 64
76 65
67 19
66 20
66 21
67 66
75 67
68 22
68 23
69 68
69 24
72 69
71 25
70 26
70 27
71 70
72 71
74 72
73 28
73 29
74 73
75 74
76 75
94 76
77 30
77 31
78 77
78 32
82 78
79 33
79 34
81 79
80 35
80 36
81 80
82 81
93 82
83 37
83 38
92 83
84 39
84 40
85 84
85 41
91 85
90 42
87 43
86 44
86 45
87 86
89 87
88 46
88 47
89 88
90 89
91 90
92 91
93 92
94 93
95 94
97 95
96 48
96 49
97 96