0.407269984483718872070312500000
0.188837200403213500976562500000
0.909883022308349609375000000000
0.195509538054466247558593750000
0.304249465465545654296875000000
0.373729854822158813476562500000
0.268197000026702880859375000000
0.503626823425292968750000000000
0.198716610670089721679687500000
0.776057839393615722656250000000
0.286595791578292846679687500000
0.101827740669250488281250000000
0.824774026870727539062500000000
0.476361006498336791992187500000
0.250105977058410644531250000000
0.115473009645938873291015625000
0.499759614467620849609375000000
0.139673322439193725585937500000
0.468356311321258544921875000000
0.538178205490112304687500000000
0.056835610419511795043945312500
0.360086292028427124023437500000
0.432736992835998535156250000000
0.039262101054191589355468750000
0.218318000435829162597656250000
0.017932243645191192626953125000
0.324495375156402587890625000000
0.303250700235366821289062500000
0.348413079977035522460937500000
0.155161127448081970214843750000
0.193251937627792358398437500000
0.193251937627792358398437500000
0.136678889393806457519531250000
0.044606126844882965087890625000
0.119792036712169647216796875000
0.060732875019311904907226562500
0.089584589004516601562500000000
0.089584589004516601562500000000
0.089584589004516601562500000000
0.044849950820207595825195312500
0.089584589004516601562500000000
0.011011031456291675567626953125
0.078573554754257202148437500000
0.078573554754257202148437500000
0.069821916520595550537109375000
0.058745555579662322998046875000
0.069821916520595550537109375000
0.069821916520595550537109375000
0.010762751102447509765625000000
0.010762751102447509765625000000
0.000000000000000000000000000000
0.000004053115844726562500000000
0.000000000000000000000000000000
0.000004053115844726562500000000
0.000000000000000000000000000000
0.000004053115844726562500000000
0.000000000000000000000000000000
0.000004053115844726562500000000
0.000000000000000000000000000000
0.000004053115844726562500000000
0.000000000000000000000000000000
0.000004053115844726562500000000
0.000000000000000000000000000000
0.000004053115844726562500000000
0.000000000000000000000000000000
0.000004053115844726562500000000
0.000000000000000000000000000000
0.000004053115844726562500000000
0.000000000000000000000000000000
0.000004053115844726562500000000
0.000000000000000000000000000000
0.000004053115844726562500000000
0.000000000000000000000000000000
0.000004053115844726562500000000
0.000000000000000000000000000000
0.000004053115844726562500000000
0.000000000000000000000000000000
0.000004053115844726562500000000
0.000000000000000000000000000000
0.000004053115844726562500000000
0.000000000000000000000000000000
0.000004053115844726562500000000
0.000004053115844726562500000000
0.000004053115844726562500000000
