0.124918
0.124918
0.54975
0.674667
0.0953137
0.367788
0.367788
0.402193
0.0688108
0.838792
0.443265
1.28206
0.257183
0.0767923
0.0678405
0.0678405
0.00895187
0.00148073
0.0782731
0.582007
0.42296
0.42296
0.23732
0.733473
0.00888142
0.00888142
1.38487
0.145487
0.0976916
1.63693
0.325262
1.27232
1.27232
0.689872
0.0827821
0.15559
0.15559
0.772197
0.12716
0.12716
0.0848323
0.211992
0.57624
0.788232
0.139555
0.726251
1.65404
0.390938
1.53358
3.57855
0.136078
1.32337
0.974373
0.038066
0.038066
0.936307
0.0382728
0.195634
0.195634
0.278987
0.474621
0.538025
0.310729
0.599488
0.258487
0.01
0.01
0.258487
1.56572
0.518583
0.0333411
0.0333411
0.250997
0.284338
0.234245
0.155895
0.306842
0.306842
0.297426
0.0338633
0.0338633
0.570405
0.0702098
1.14973
0.0986554
1.79177