0.868136823177337646484375000000
0.302568167448043823242187500000
0.169482946395874023437500000000
1.156988620758056640625000000000
0.348454713821411132812500000000
0.459924131631851196289062500000
0.435514152050018310546875000000
0.077059432864189147949218750000
0.114503592252731323242187500000
0.966962933540344238281250000000
0.086839981377124786376953125000
0.194704726338386535644531250000
0.015405766665935516357421875000
0.540443301200866699218750000000
0.525037527084350585937500000000
0.525037527084350585937500000000
0.501644372940063476562500000000
0.501644372940063476562500000000
0.000000000000000000000000000000
0.000000000000000000000000000000
0.000000000000000000000000000000
0.000000000000000000000000000000
0.000000000000000000000000000000
0.000000000000000000000000000000
