50 1
49 2
49 3
50 49
63 50
52 4
51 5
51 6
52 51
54 52
53 7
53 8
54 53
55 54
55 9
62 55
58 10
56 11
56 12
57 56
57 13
58 57
60 58
59 14
59 15
60 59
61 60
61 16
62 61
63 62
73 63
64 17
64 18
68 64
65 19
65 20
67 65
66 21
66 22
67 66
68 67
72 68
69 23
69 24
70 69
70 25
71 70
71 26
72 71
73 72
75 73
74 27
74 28
75 74
95 75
76 29
76 30
77 76
77 31
79 77
78 32
78 33
79 78
81 79
80 34
80 35
81 80
94 81
82 36
82 37
83 82
83 38
89 83
88 39
84 40
84 41
86 84
85 42
85 43
86 85
87 86
87 44
88 87
89 88
93 89
90 45
90 46
91 90
91 47
92 91
92 48
93 92
94 93
95 94