1.121
0.0976227
0.0976227
1.02337
0.866812
0.437475
0.0833169
0.0833169
0.354158
0.594965
0.151909
0.151909
0.88053
0.719812
1.75225
0.179278
0.648714
0.0815949
0.0815949
0.253882
0.335477
0.313237
0.402548
1.0
1.0
0.0512616
0.162805
1.21407
0.717463
0.0562785
0.523627
0.216679
0.216679
1.44169
0.152207
0.152207
1.4613
1.14299
1.14299
0.470515
0.0448674
0.614351
0.355217
0.355217
0.71039
1.06561
0.732531
1.79814
0.474585
0.238712
0.102342
2.01877
2.01877
0.595002
2.30478
0.265171
0.265171
0.997385
1.26256
0.331139
1.5555
1.5555
0.0381948
1.25797
2.5642
2.5642
0.287471
1.40185
0.145723
0.145723
2.21889
2.36462
0.125545
1.3435
0.283927
0.283927
0.0984552
0.01
0.01
0.382382
0.563496
0.945879
0.397626
1.14666
1.30344
0.158498
0.158498
0.178379
0.336877
0.729393
1.06627
2.72734
0.459909
0.665045