0.01
0.01
1.07259
1.07259
4.0681
2.75576
0.663502
0.339502
0.129265
0.129265
0.210237
0.0639611
0.403463
0.260039
1.70395
0.934186
0.934186
1.43327
0.388302
0.741948
0.317328
0.207449
0.207449
0.109878
0.32239
0.639718
2.85799
0.147424
2.08529
0.329674
0.329674
0.142037
0.471711
0.447927
0.401275
0.158696
0.158696
0.242579
0.518363
0.328063
0.0425626
0.0425626
1.20514
0.837587
1.20126
1.88213
0.426431
0.426431
0.0270436
0.453474
1.42865
0.53621
0.11596
0.11596
1.80168
0.761331
0.761331
0.777278
0.298983
0.298983
0.432383
0.731366
0.807242
0.379032
0.500698
0.868211
0.358579
1.49556
0.54876
5.68945
0.307153
4.95686
0.156367
0.156367
2.90954
0.612792
0.612792
2.34585
1.54135
0.766303
0.766303
0.775047
0.445385
1.01044
1.01044
0.976293
0.971908
0.107266
0.165895
1.60462
1.60462
0.190265
1.79488
1.43692
1.72506
1.03975