50 1
50 2
51 50
51 3
83 51
58 4
55 5
53 6
52 7
52 8
53 52
54 53
54 9
55 54
57 55
56 10
56 11
57 56
58 57
62 58
60 12
59 13
59 14
60 59
61 60
61 15
62 61
82 62
70 16
63 17
63 18
64 63
64 19
67 64
66 20
65 21
65 22
66 65
67 66
69 67
68 23
68 24
69 68
70 69
81 70
73 25
71 26
71 27
72 71
72 28
73 72
80 73
74 29
74 30
79 74
75 31
75 32
78 75
76 33
76 34
77 76
77 35
78 77
79 78
80 79
81 80
82 81
83 82
84 83
84 36
97 84
96 37
85 38
85 39
92 85
86 40
86 41
91 86
88 42
87 43
87 44
88 87
90 88
89 45
89 46
90 89
91 90
92 91
95 92
93 47
93 48
94 93
94 49
95 94
96 95
97 96