46 1
45 2
45 3
46 45
47 46
47 4
51 47
49 5
48 6
48 7
49 48
50 49
50 8
51 50
53 51
52 9
52 10
53 52
57 53
54 11
54 12
55 54
55 13
56 55
56 14
57 56
59 57
58 15
58 16
59 58
71 59
66 17
60 18
60 19
65 60
61 20
61 21
64 61
62 22
62 23
63 62
63 24
64 63
65 64
66 65
70 66
67 25
67 26
68 67
68 27
69 68
69 28
70 69
71 70
80 71
76 29
73 30
72 31
72 32
73 72
75 73
74 33
74 34
75 74
76 75
79 76
78 35
77 36
77 37
78 77
79 78
80 79
87 80
81 38
81 39
86 81
82 40
82 41
85 82
83 42
83 43
84 83
84 44
85 84
86 85
87 86