48 1
47 2
47 3
48 47
52 48
51 4
49 5
49 6
50 49
50 7
51 50
52 51
74 52
54 8
53 9
53 10
54 53
66 54
57 11
56 12
55 13
55 14
56 55
57 56
63 57
58 15
58 16
59 58
59 17
62 59
60 18
60 19
61 60
61 20
62 61
63 62
64 63
64 21
65 64
65 22
66 65
73 66
67 23
67 24
72 67
68 25
68 26
71 68
69 27
69 28
70 69
70 29
71 70
72 71
73 72
74 73
91 74
77 30
75 31
75 32
76 75
76 33
77 76
82 77
81 34
80 35
79 36
78 37
78 38
79 78
80 79
81 80
82 81
90 82
83 39
83 40
86 83
84 41
84 42
85 84
85 43
86 85
89 86
88 44
87 45
87 46
88 87
89 88
90 89
91 90