0.258891165256500244140625000000
2.000000000000000000000000000000
0.111783541738986968994140625000
0.110462076961994171142578125000
0.256566345691680908203125000000
0.129710674285888671875000000000
0.603411197662353515625000000000
0.258805811405181884765625000000
0.459903895854949951171875000000
0.129415243864059448242187500000
0.096968509256839752197265625000
0.086411736905574798583984375000
1.189919710159301757812500000000
0.691355645656585693359375000000
1.152890920639038085937500000000
0.371761173009872436523437500000
0.417886257171630859375000000000
0.591380834579467773437500000000
0.115355193614959716796875000000
1.019576907157897949218750000000
0.685731172561645507812500000000
0.327145010232925415039062500000
0.680165290832519531250000000000
0.680165290832519531250000000000
0.358586251735687255859375000000
0.295901834964752197265625000000
0.217628583312034606933593750000
0.217628583312034606933593750000
