2.21506
0.523066
0.523066
1.69199
7.43099
0.547686
0.547686
1.95155
0.25822
0.0553255
0.0553255
0.202895
2.24101
0.201877
0.832144
0.832144
0.781465
0.794135
0.794135
0.360146
1.15428
0.459329
1.0875
1.74382
1.81512
1.81512
0.688558
2.50368
1.94125
0.138314
0.193384
0.193384
0.399967
0.593352
3.47998
1.08246
1.08246
2.99087
0.50991
0.732624
2.30859
0.360297
0.360297
0.34561
0.642116
0.206312
0.206312
0.435804
0.0637901
0.212787
0.918693
1.3899
3.00727
4.33018
0.422539
0.0331031
0.0331031
0.608963
0.587491
0.587491
0.0545754
1.17522
0.01
0.01
1.81729
8.25129