2.55972
0.914734
0.914734
0.431726
0.626305
0.328165
0.328165
0.298141
0.720155
1.21326
1.51476
0.640205
0.640205
1.14996
0.733413
0.733413
1.05675
2.28432
0.127814
1.8995
1.43338
0.327728
0.327728
0.626952
0.95468
0.478698
0.466119
1.80844
0.0683158
0.0683158
0.138515
0.206831
3.50111
0.494357
0.347913
1.70865
0.01
0.01
0.193015
0.193015
1.51563
2.79883
3.70367
3.25665
0.945815
0.0647163
0.0647163
0.259213
0.323929
0.621886
0.590726
0.368589
0.368589
0.496846
0.865435
0.671107
1.72011
0.447022
0.803803
0.0427348
0.719429
4.02842
3.77839
0.689426
0.285049
0.285049
0.404377
0.981079
1.6705
2.10789
0.250032
1.24121
1.06278
0.0556011
0.0556011
1.12304
0.0975743
0.0975743
1.08106
1.75997
1.21323
1.21323
1.29492
1.14963
1.14963
1.35852
0.43046
3.39381