1.12216
0.01
0.01
1.12216
0.275798
0.62217
0.0746742
0.0746742
0.547496
0.0551486
0.677319
0.332632
1.00995
0.388008
1.32843
0.563725
0.563725
2.16266
2.20582
0.0117203
0.0117203
3.32288
0.54094
0.54094
0.589619
0.796682
0.796682
0.333877
0.438448
1.56901
0.675116
1.08146
0.765366
0.765366
0.278711
0.042421
0.042421
0.940432
0.956536
0.160991
0.160991
0.795544
0.0263175
0.0612243
0.03738
0.724499
0.382045
0.178924
0.178924
0.203121
1.42391
0.438165
0.887195
0.756868
0.756868
0.215014
0.0361697
0.0361697
0.935712
2.15944
0.203278
1.59761