0.735585987567901611328125000000
0.013544725254178047180175781250
1.986455202102661132812500000000
0.122912123799324035644531250000
0.391224741935729980468750000000
1.257090330123901367187500000000
0.060832060873508453369140625000
0.318813592195510864257812500000
1.264413833618164062500000000000
0.436765432357788085937500000000
0.367962688207626342773437500000
0.527876198291778564453125000000
0.827648460865020751953125000000
0.271571040153503417968750000000
0.022894460707902908325195312500
0.396763145923614501953125000000
0.000000000000000000000000000000
0.000000000000000000000000000000
0.000000000000000000000000000000
0.000000000000000000000000000000
0.000000000000000000000000000000
0.000000000000000000000000000000
