52 1
51 2
51 3
52 51
53 52
53 4
91 53
55 5
54 6
54 7
55 54
56 55
56 8
68 56
60 9
57 10
57 11
59 57
58 12
58 13
59 58
60 59
67 60
61 14
61 15
62 61
62 16
63 62
63 17
66 63
65 18
64 19
64 20
65 64
66 65
67 66
68 67
90 68
71 21
69 22
69 23
70 69
70 24
71 70
73 71
72 25
72 26
73 72
78 73
75 27
74 28
74 29
75 74
76 75
76 30
77 76
77 31
78 77
89 78
79 32
79 33
80 79
80 34
88 80
81 35
81 36
82 81
82 37
87 82
83 38
83 39
86 83
84 40
84 41
85 84
85 42
86 85
87 86
88 87
89 88
90 89
91 90
99 91
92 43
92 44
93 92
93 45
94 93
94 46
98 94
95 47
95 48
97 95
96 49
96 50
97 96
98 97
99 98