1.56417
1.56417
1.39248
2.95665
1.02475
2.28439
0.518946
0.269439
0.269439
0.249507
1.25498
1.77392
0.510462
1.69702
0.325649
2.70955
2.70955
0.842257
0.159161
0.01
0.01
0.159161
1.78826
0.259864
0.259864
1.68756
0.089782
0.838759
0.838759
0.0656252
0.180334
0.180334
0.72405
1.13282
1.51461
0.755247
0.958498
0.636162
0.636162
0.940781
0.86815
0.86815
0.708793
2.79476
1.25856
1.25856
0.0599154
1.31848
3.05322
0.893853
0.0853688
0.34335
0.34335
0.14954
0.492891
1.86288
0.705431
0.705431
0.471881
1.17731
0.541997
0.0411203
0.0411203
0.383995
0.425115
1.29419
0.636457
2.99515