0.126870766282081604003906250000
0.363829046487808227539062500000
0.102594010531902313232421875000
1.300531864166259765625000000000
0.092683054506778717041015625000
0.500532984733581542968750000000
0.148002833127975463867187500000
0.538952350616455078125000000000
0.083566889166831970214843750000
0.878909528255462646484375000000
0.080986194312572479248046875000
0.252074837684631347656250000000
0.068574756383895874023437500000
0.102484680712223052978515625000
0.400348037481307983398437500000
0.429716289043426513671875000000
0.113423496484756469726562500000
0.331129312515258789062500000000
0.129040405154228210449218750000
0.016535034403204917907714843750
0.277669966220855712890625000000
0.445149391889572143554687500000
0.206106275320053100585937500000
1.065167069435119628906250000000
0.306311577558517456054687500000
0.878908753395080566406250000000
0.055832020938396453857421875000
0.867005228996276855468750000000
0.089035093784332275390625000000
0.137455761432647705078125000000
0.328202903270721435546875000000
0.345765501260757446289062500000
0.125038504600524902343750000000
0.292603582143783569335937500000
0.076617836952209472656250000000
0.039381951093673706054687500000
0.224878221750259399414062500000
0.138832136988639831542968750000
0.682223081588745117187500000000
0.682223081588745117187500000000
0.650939702987670898437500000000
0.452559739351272583007812500000
0.195347487926483154296875000000
0.644987225532531738281250000000
0.461004108190536499023437500000
0.644987225532531738281250000000
0.433210104703903198242187500000
0.572597265243530273437500000000
0.572597265243530273437500000000
0.079547911882400512695312500000
0.089626923203468322753906250000
0.572597265243530273437500000000
0.493049383163452148437500000000
0.331313163042068481445312500000
0.486551165580749511718750000000
0.094088211655616760253906250000
0.298987179994583129882812500000
0.033330500125885009765625000000
0.482970356941223144531250000000
0.368957072496414184570312500000
0.293439120054244995117187500000
0.300425648689270019531250000000
0.125875666737556457519531250000
0.465407729148864746093750000000
0.189034625887870788574218750000
0.449639856815338134765625000000
0.449639856815338134765625000000
0.449639856815338134765625000000
0.260595798492431640625000000000
0.260605216026306152343750000000
0.198380053043365478515625000000
0.198380053043365478515625000000
0.103510856628417968750000000000
0.183983191847801208496093750000
0.103510856628417968750000000000
0.183983191847801208496093750000
0.183983191847801208496093750000
0.183983191847801208496093750000
0.139387115836143493652343750000
0.139387115836143493652343750000
0.114013269543647766113281250000
0.011870654299855232238769531250
0.065816491842269897460937500000
0.080472335219383239746093750000
0.080472335219383239746093750000
0.080472335219383239746093750000
0.014655843377113342285156250000
0.014655843377113342285156250000
0.000009417533874511718750000000
0.000009417533874511718750000000
