4.3507
4.3507
1.05531
0.17818
0.169997
0.169997
0.00818285
0.188222
0.104484
0.104484
0.261918
0.610083
0.863185
0.863185
0.113301
0.281278
0.416352
0.268048
0.268048
0.148304
0.841412
4.14825
1.00923
4.60492
0.215694
0.215694
2.8359
3.0516
1.55332
1.81032
0.733453
0.620358
0.045134
0.045134
0.575224
0.474757
0.279216
0.121995
0.121995
0.157221
0.765346
0.434364
0.335112
0.335112
0.0992527
0.610198
0.0505536
2.7354
3.83051
3.31818
0.481415
1.33797
1.33797
4.22933
0.317415
0.317415
0.553491
0.870906
0.497556
0.305197
0.305197
1.06327
0.144935
0.92849
0.01
0.01
0.792706
0.792706
0.135784
0.584907
1.13728
0.772068
0.772068
1.25751
0.398888
0.398888
1.63069
0.161306
1.54778
1.54778
0.643104
0.459786
2.91663
2.06281