3.67558
0.353928
0.353928
2.69312
0.017067
0.017067
0.297262
0.314329
1.51557
1.8299
0.0410343
0.760194
0.760194
0.496375
1.25657
0.547554
0.303369
0.303369
0.252509
0.0401945
0.0401945
0.451538
0.491732
0.064146
1.24824
0.0668156
1.17611
0.628537
7.94099
2.41479
0.0206946
0.0206946
2.3941
1.23555
0.128517
0.128517
0.0685974
0.197114
0.375974
0.573088
0.0170897
0.590178
3.06017
3.73334
0.0126494
0.0126494
1.10743
1.12008
0.142839
0.0340237
0.0340237
0.48104
0.272091
0.272091
0.242972
0.259408
0.774471
0.488451
1.60344
0.0087015
0.0087015
2.85766
1.76887
1.19751
0.01
0.01
1.19751
3.43773
2.74845
4.23288