45 1
45 2
47 45
46 3
46 4
47 46
83 47
48 5
48 6
50 48
49 7
49 8
50 49
51 50
51 9
82 51
58 10
52 11
52 12
57 52
56 13
54 14
53 15
53 16
54 53
55 54
55 17
56 55
57 56
58 57
75 58
59 18
59 19
60 59
60 20
66 60
61 21
61 22
63 61
62 23
62 24
63 62
65 63
64 25
64 26
65 64
66 65
70 66
68 27
67 28
67 29
68 67
69 68
69 30
70 69
74 70
71 31
71 32
73 71
72 33
72 34
73 72
74 73
75 74
81 75
76 35
76 36
78 76
77 37
77 38
78 77
80 78
79 39
79 40
80 79
81 80
82 81
83 82
87 83
86 41
84 42
84 43
85 84
85 44
86 85
87 86