0.343029201030731201171875000000
0.276311874389648437500000000000
0.070036135613918304443359375000
0.758615553379058837890625000000
0.544085741043090820312500000000
0.545255124568939208984375000000
0.213359624147415161132812500000
0.245161309838294982910156250000
1.101161479949951171875000000000
0.383437633514404296875000000000
0.680176258087158203125000000000
0.097634941339492797851562500000
1.025053024291992187500000000000
0.058291900902986526489257812500
0.157563716173171997070312500000
0.432686060667037963867187500000
0.412420064210891723632812500000
0.438997507095336914062500000000
0.857686400413513183593750000000
0.799584329128265380859375000000
0.582559883594512939453125000000
0.250075072050094604492187500000
0.098472513258457183837890625000
0.491759568452835083007812500000
0.057301633059978485107421875000
0.527763545513153076171875000000
0.455868571996688842773437500000
0.397766470909118652343750000000
0.307329207658767700195312500000
0.307329207658767700195312500000
0.062581419944763183593750000000
0.062581419944763183593750000000
0.058102071285247802734375000000
0.058102071285247802734375000000
0.058102071285247802734375000000
0.058102071285247802734375000000
0.000004053115844726562500000000
0.000004053115844726562500000000
