48 1
48 2
49 48
49 3
50 49
50 4
65 50
54 5
53 6
51 7
51 8
52 51
52 9
53 52
54 53
56 54
55 10
55 11
56 55
64 56
57 12
57 13
60 57
59 14
58 15
58 16
59 58
60 59
61 60
61 17
62 61
62 18
63 62
63 19
64 63
65 64
83 65
66 20
66 21
68 66
67 22
67 23
68 67
72 68
71 24
70 25
69 26
69 27
70 69
71 70
72 71
81 72
79 28
74 29
73 30
73 31
74 73
78 74
76 32
75 33
75 34
76 75
77 76
77 35
78 77
79 78
80 79
80 36
81 80
82 81
82 37
83 82
93 83
84 38
84 39
86 84
85 40
85 41
86 85
92 86
87 42
87 43
89 87
88 44
88 45
89 88
90 89
90 46
91 90
91 47
92 91
93 92