1.761102080345153808593750000000
1.098205089569091796875000000000
0.467968046665191650390625000000
0.365102231502532958984375000000
0.536692619323730468750000000000
0.111780740320682525634765625000
0.433826804161071777343750000000
0.064321570098400115966796875000
0.424911886453628540039062500000
0.424911886453628540039062500000
0.175404563546180725097656250000
0.238897711038589477539062500000
0.063486009836196899414062500000
0.063493162393569946289062500000
0.000000000000000000000000000000
0.000007152557373046875000000000
0.000007152557373046875000000000
0.000007152557373046875000000000
