3.07485
1.27415
1.27415
0.0424297
1.28016
0.01
0.01
1.28016
0.0364155
1.75827
3.54313
0.837255
0.837255
0.332834
0.332982
0.0968654
0.0968654
0.236117
0.837108
3.53522
0.123068
0.123068
0.565436
0.688504
2.01796
0.655495
0.655495
0.339791
0.420339
0.420339
0.574947
0.838193
0.226099
0.226099
1.60738
0.760386
1.19599
0.266626
0.266626
0.853599
0.544111
0.544111
0.443866
0.654582
0.0356591
0.0356591
0.618923
0.274858
0.253865
0.152146
0.152146
0.101719
0.675575
0.0585372
0.132248
0.0757658
0.0219536
0.968819
0.968819
0.204616
0.129259
0.129259
1.04418
0.0445107
0.189865
0.210452
0.210452
0.203836
0.414288
0.262195
0.139339
0.139339
0.537144
0.731328
1.18605
0.112601
1.99885
1.91267