1.68083
1.54951
1.12243
0.892759
0.892759
0.229671
0.427084
0.131312
5.61079
0.751738
0.751738
1.61589
1.49665
1.49665
0.870977
3.7489
0.0603792
0.0603792
0.333561
0.371504
0.371504
0.0224358
1.77923
0.359746
0.359746
1.81342
0.607744
0.01
0.01
0.438366
0.404443
0.404443
0.0339232
2.34255
3.33561
1.17509
0.41459
2.19509
0.416305
0.347921
0.347921
0.0633754
0.411297
0.00500793
1.36687
0.33169
0.33169
1.45148
0.411912
5.13206
1.91512
0.925967
0.925967
0.192541
0.496381
0.464973
0.464973
0.0314073
0.622127
0.796616
5.41202
0.379057