0.308115
0.308115
1.95477
2.26288
3.64466
1.11231
1.11231
0.37721
1.48952
0.939778
1.72416
1.72416
0.478207
2.20237
0.226932
1.20244
2.30234
0.523418
0.523418
1.77892
1.32941
2.2758
0.771947
0.201273
0.201273
2.55841
0.860942
0.860942
0.975816
1.38398
1.38398
0.45278
0.666623
0.708268
0.708268
0.57698
0.479386
0.479386
0.41056
0.889946
0.395301
0.741767
0.818759
0.762895
0.762895
0.0430126
0.805908
0.0128513
0.209205
1.02796
0.260849
0.281597
0.281597
0.26694
0.01
0.01
0.548537
0.740277
0.48023
0.0877163
0.0877163
0.658586
0.746302
1.02274
0.257971
0.366833
0.0289648
0.0289648
0.628323
0.292086
0.292086
0.365202
0.141499
0.566453
0.136558
0.136558
0.429895
0.232334
1.59506
0.0312185
2.42507
0.0783148
0.256305
1.12085
0.504463
0.504463
3.37607
0.49558
0.804615
0.0760326
0.0760326
0.728583
0.158855
0.520047
0.520047
0.443423
3.41264
2.30337