51 1
51 2
52 51
52 3
61 52
53 4
53 5
54 53
54 6
57 54
55 7
55 8
56 55
56 9
57 56
60 57
59 10
58 11
58 12
59 58
60 59
61 60
99 61
62 13
62 14
91 62
63 15
63 16
65 63
64 17
64 18
65 64
90 65
66 19
66 20
69 66
67 21
67 22
68 67
68 23
69 68
81 69
72 24
70 25
70 26
71 70
71 27
72 71
73 72
73 28
77 73
74 29
74 30
76 74
75 31
75 32
76 75
77 76
80 77
78 33
78 34
79 78
79 35
80 79
81 80
88 81
82 36
82 37
84 82
83 38
83 39
84 83
87 84
86 40
85 41
85 42
86 85
87 86
88 87
89 88
89 43
90 89
91 90
93 91
92 44
92 45
93 92
98 93
95 46
94 47
94 48
95 94
97 95
96 49
96 50
97 96
98 97
99 98