5.85273
0.674111
0.597753
0.01
0.01
0.145758
0.145758
0.0375827
0.183341
0.414412
0.0763577
1.16303
1.32755
0.446416
0.446416
0.881135
0.509592
4.01559
3.18303
6.9081
3.37922
2.7423
2.7423
0.63692
1.63738
1.89175
0.625557
0.625557
1.2662
0.0157389
1.90749
2.05059
1.86726
0.0317755
0.0317755
0.0866171
0.101462
0.101462
0.0169307
0.57279
0.691183
0.501662
0.224047
0.224047
0.164512
0.170661
0.170661
0.217898
0.538872
0.292091
0.254731
0.254731
0.0373596
0.136964
0.429055
0.169655
0.279816
0.189127
0.189127
0.0906887
0.318894
0.328721
0.265414
0.674414
0.51771
0.632245
0.135482
0.135482
0.496762
1.75272
1.57311
0.872923
3.31516
0.415108
0.220971
0.220971
0.194136
2.90005
1.51584
0.1856
1.8915
0.547835
7.45594
1.57983