0.418212
0.135049
0.135049
0.283163
0.973897
0.18097
0.18097
0.511292
0.12514
0.12514
0.567122
0.0115005
0.517562
0.468068
0.468068
0.049494
0.066827
0.584389
0.0467438
0.631133
0.0726299
0.688346
1.82683
1.12964
1.12964
0.683674
0.466446
0.312797
0.312797
0.153649
1.23279
1.69924
0.114077
1.31489
0.01
0.01
0.914699
0.165089
0.165089
0.74961
1.6733
2.06586
0.816051
0.816051
1.24981
0.0117772
1.4229
1.14143
0.774794
0.732632
0.732632
0.0421625
0.366631
0.281475
0.316191
1.50445
0.633692
0.0233658
0.0233658
0.610326
0.870756
0.234644
0.338548
0.510361
0.540204
0.0907307
0.191754
3.13649
0.330464
0.296645
0.296645
0.0338192
1.20461
1.53507
0.118042
1.65312
1.26015
0.504772
0.504772
2.40849
0.223228
0.274195
1.0871
0.691548
0.691548
0.772861
0.230303
0.230303
1.11075
1.34106
0.123352
3.03338