0.137263655662536621093750000000
0.410073846578598022460937500000
0.521735548973083496093750000000
1.055902957916259765625000000000
1.068190693855285644531250000000
0.106647148728370666503906250000
0.268719851970672607421875000000
0.271981149911880493164062500000
0.010529871098697185516357421875
0.315640330314636230468750000000
0.387198656797409057617187500000
0.689562499523162841796875000000
0.127607300877571105957031250000
0.125482678413391113281250000000
0.556811213493347167968750000000
0.556811213493347167968750000000
0.044610448181629180908203125000
0.508402526378631591796875000000
0.489412844181060791015625000000
0.489412844181060791015625000000
0.377183437347412109375000000000
0.377183437347412109375000000000
0.136012971401214599609375000000
0.302363812923431396484375000000
0.025620751082897186279296875000
0.025620751082897186279296875000
0.000000000000000000000000000000
0.000000000000000000000000000000
