45 1
45 2
52 45
46 3
46 4
49 46
47 5
47 6
48 47
48 7
49 48
51 49
50 8
50 9
51 50
52 51
61 52
54 10
53 11
53 12
54 53
60 54
55 13
55 14
57 55
56 15
56 16
57 56
58 57
58 17
59 58
59 18
60 59
61 60
87 61
65 19
62 20
62 21
64 62
63 22
63 23
64 63
65 64
74 65
73 24
67 25
66 26
66 27
67 66
68 67
68 28
70 68
69 29
69 30
70 69
72 70
71 31
71 32
72 71
73 72
74 73
86 74
79 33
78 34
77 35
76 36
75 37
75 38
76 75
77 76
78 77
79 78
82 79
80 39
80 40
81 80
81 41
82 81
85 82
84 42
83 43
83 44
84 83
85 84
86 85
87 86