0.600667357444763183593750000000
0.140723437070846557617187500000
0.235751599073410034179687500000
0.465888530015945434570312500000
0.402399063110351562500000000000
0.284348368644714355468750000000
0.441588670015335083007812500000
0.177769795060157775878906250000
0.371732413768768310546875000000
0.143572837114334106445312500000
0.104637488722801208496093750000
0.474807083606719970703125000000
0.304825365543365478515625000000
0.352860927581787109375000000000
0.246647536754608154296875000000
0.246647536754608154296875000000
0.476952761411666870117187500000
0.398860007524490356445312500000
0.603183031082153320312500000000
0.522975027561187744140625000000
0.603183031082153320312500000000
0.166167646646499633789062500000
0.232692360877990722656250000000
0.025107260793447494506835937500
0.207585096359252929687500000000
0.207585096359252929687500000000
0.124115005135536193847656250000
0.204322963953018188476562500000
0.204322963953018188476562500000
0.204322963953018188476562500000
0.124115005135536193847656250000
0.204322963953018188476562500000
0.124115005135536193847656250000
0.204322963953018188476562500000
0.011087808758020401000976562500
0.080207958817481994628906250000
0.080207958817481994628906250000
0.080207958817481994628906250000
0.080207958817481994628906250000
0.080207958817481994628906250000
0.080207958817481994628906250000
0.080207958817481994628906250000
0.069120153784751892089843750000
0.069120153784751892089843750000
0.000000000000000000000000000000
0.000000000000000000000000000000
