0.01
0.01
0.171268
0.171268
0.8017
0.972968
0.0463197
1.01929
0.224435
1.24372
0.601519
1.84524
2.33666
2.2664
0.0281605
0.0281605
0.608238
0.262576
0.262576
0.373822
1.24167
0.102632
0.102632
1.77544
0.388331
1.9155
1.40533
1.7351
1.44048
1.3568
1.3568
0.0836804
0.133663
1.57415
0.160949
3.85213
0.592721
3.59388
0.294044
0.176188
0.0540093
0.0540093
0.122179
0.117856
2.95169
0.054535
0.054535
0.462612
0.517147
0.23107
0.744524
0.744524
0.00369296
0.791486
0.632702
0.632702
0.109973
0.742676
0.797028
0.387613
0.346674
0.346674
1.58064
1.31842
0.34815
0.546317
1.38324
0.232408
0.232408
0.179103
0.411511
0.971724
0.258076
1.16627
0.00809255
0.00809255
0.0988751
0.106968
1.0593
0.475042
2.49889
2.03975