2.27283
0.367428
0.367428
0.0112081
0.378637
1.89419
1.15703
3.42986
0.599956
2.79501
0.01
0.01
0.804968
0.804968
0.654864
1.45983
1.03603
0.0860096
0.0860096
2.40985
0.0311774
0.417613
0.417613
2.10943
0.267966
1.23481
2.09338
3.93734
3.93734
1.95699
2.33861
2.33861
0.388687
0.0240651
0.0240651
0.886259
0.910324
1.55494
2.46526
0.044714
0.174793
0.174793
0.242029
0.416822
0.870034
0.0188002
0.0188002
1.26806
0.00329271
0.4289
0.0625668
0.0308993
0.0308993
0.0316675
0.366333
0.0449963
0.473896
0.816252
1.21982
0.217328
3.16703
0.228854
0.652537
1.56254
0.0310774
0.0310774
0.837667
0.546465
0.406058
0.228668
0.228668
0.177389
0.125046
0.531103
0.0153617
0.322279
0.693793
3.13632
0.242761
0.242761
4.4561
2.07686