0.1193
0.1193
11.1544
2.70642
0.0343167
0.0343167
1.35124
0.902594
0.180865
0.180865
0.721729
0.482967
1.32086
1.72474
0.697318
0.697318
3.73384
0.63095
0.284624
0.0346679
0.0346679
0.249956
0.230178
0.514802
4.17465
1.6629
1.51106
0.126404
0.126404
1.38466
0.151834
3.02656
0.372657
2.21752
0.0465417
0.0465417
7.10194
0.0126333
0.0126333
2.46247
2.4751
2.37339
3.00889
0.636711
0.636711
0.258905
0.492061
0.492061
0.403555
1.93541
1.68951
0.18784
0.18784
1.01754
0.01
0.01
0.27623
0.27623
0.929153
0.484126
1.14152
0.177859
1.8396
1.66461
0.206487
0.206487
0.426203
0.264214
0.0228702
0.0228702
0.241344
0.368475
0.416168
0.839246
0.839246
0.209612
1.31156
1.9283
0.696232
0.696232
1.23206
0.432127
4.15268
0.635371
0.131157
3.99402
5.87683
0.673902
0.673902
1.35425
1.02233
1.02233
1.00582
10.1451
12.1732
4.97724