50 1
50 2
92 50
55 3
51 4
51 5
54 51
53 6
52 7
52 8
53 52
54 53
55 54
57 55
56 9
56 10
57 56
65 57
59 11
58 12
58 13
59 58
60 59
60 14
64 60
63 15
62 16
61 17
61 18
62 61
63 62
64 63
65 64
91 65
66 19
66 20
90 66
67 21
67 22
68 67
68 23
79 68
78 24
69 25
69 26
71 69
70 27
70 28
71 70
77 71
76 29
72 30
72 31
75 72
73 32
73 33
74 73
74 34
75 74
76 75
77 76
78 77
79 78
89 79
80 35
80 36
83 80
82 37
81 38
81 39
82 81
83 82
85 83
84 40
84 41
85 84
88 85
87 42
86 43
86 44
87 86
88 87
89 88
90 89
91 90
92 91
97 92
93 45
93 46
95 93
94 47
94 48
95 94
96 95
96 49
97 96