0.760697
0.760697
0.447486
1.20818
0.357413
0.19783
0.19783
0.0302658
0.228096
1.3375
0.836061
0.01
0.01
1.98475
1.73466
1.73466
0.250097
0.332419
2.31717
0.0844845
0.563919
0.111799
0.111799
2.85378
0.80583
2.33509
1.21583
0.369178
0.369178
0.0216085
0.390786
0.825045
1.11926
1.12852
0.624131
0.624131
2.83949
0.30779
0.213792
0.841208
0.841208
3.14399
0.269658
3.21226
0.231309
0.231309
1.9916
1.10209
0.434699
0.434699
0.667394
0.932382
0.311262
0.0903736
0.0903736
0.220889
0.220359
0.531622
1.50285
0.188433
0.807455
3.03036
0.181896
1.0426