0.221024
0.01
0.01
0.221024
0.959081
1.1801
0.793227
0.0837197
0.0837197
0.878951
0.96267
1.01066
1.51939
3.29444
2.07822
1.3947
0.673235
0.673235
0.326341
0.664501
0.664501
0.335075
0.395127
0.68352
1.21621
0.198284
1.10691
0.555071
0.555071
4.04455
3.21227
2.33388
2.33388
1.04613
3.38002
4.43188
3.49726
0.00866312
0.00866312
9.44898
0.884824
0.752026
0.0011735
0.0011735
0.104512
0.105686
0.64634
0.132798
2.5782
0.176199
0.176199
2.0403
0.141428
0.141428
2.07508
1.24652
0.19751
2.22519
0.197003
0.197003
2.02819
1.43535
3.16588
0.456277
0.456277
2.14612
0.68082
0.242541
0.242541
0.438279
1.61856
2.29938
0.303019
0.762699
0.903445
0.0149523
0.0149523
0.276614
0.291566
0.611879
2.46165
0.531588
0.884655
0.884655
3.01203
0.018556
3.91524
2.91118
2.63123
1.85151