48 1
47 2
47 3
48 47
49 48
49 4
52 49
50 5
50 6
51 50
51 7
52 51
59 52
58 8
57 9
56 10
53 11
53 12
55 53
54 13
54 14
55 54
56 55
57 56
58 57
59 58
61 59
60 15
60 16
61 60
64 61
62 17
62 18
63 62
63 19
64 63
91 64
65 20
65 21
90 65
69 22
68 23
66 24
66 25
67 66
67 26
68 67
69 68
73 69
70 27
70 28
72 70
71 29
71 30
72 71
73 72
76 73
75 31
74 32
74 33
75 74
76 75
89 76
77 34
77 35
81 77
79 36
78 37
78 38
79 78
80 79
80 39
81 80
85 81
84 40
82 41
82 42
83 82
83 43
84 83
85 84
87 85
86 44
86 45
87 86
88 87
88 46
89 88
90 89
91 90