0.653724014759063720703125000000
0.199730142951011657714843750000
0.795436620712280273437500000000
0.317470341920852661132812500000
0.031466029584407806396484375000
0.031466029584407806396484375000
0.018036276102066040039062500000
0.059049807488918304443359375000
0.192534506320953369140625000000
0.119705758988857269287109375000
1.296770334243774414062500000000
0.183211714029312133789062500000
1.195100903511047363281250000000
1.096033334732055664062500000000
1.113558650016784667968750000000
0.325672656297683715820312500000
0.000000000000000000000000000000
0.000003218650817871093750000000
0.000000000000000000000000000000
0.000003218650817871093750000000
0.000003218650817871093750000000
0.000003218650817871093750000000
0.000000000000000000000000000000
0.000003218650817871093750000000
0.000000000000000000000000000000
0.000003218650817871093750000000
0.000003218650817871093750000000
0.000003218650817871093750000000
0.000000000000000000000000000000
0.000003218650817871093750000000
0.000003218650817871093750000000
0.000003218650817871093750000000
