57 1
56 2
48 3
47 4
47 5
48 47
55 48
49 6
49 7
54 49
50 8
50 9
53 50
52 10
51 11
51 12
52 51
53 52
54 53
55 54
56 55
57 56
65 57
59 13
58 14
58 15
59 58
60 59
60 16
64 60
63 17
62 18
61 19
61 20
62 61
63 62
64 63
65 64
83 65
66 21
66 22
68 66
67 23
67 24
68 67
82 68
69 25
69 26
70 69
70 27
81 70
71 28
71 29
80 71
72 30
72 31
79 72
73 32
73 33
74 73
74 34
76 74
75 35
75 36
76 75
78 76
77 37
77 38
78 77
79 78
80 79
81 80
82 81
83 82
91 83
86 39
84 40
84 41
85 84
85 42
86 85
87 86
87 43
90 87
88 44
88 45
89 88
89 46
90 89
91 90