0.0513035
0.0513035
0.823887
0.547532
0.547532
0.327659
1.7453
2.62049
0.62803
1.33475
1.33475
1.91377
0.965948
0.524521
0.524521
2.70556
0.665772
0.64811
0.64811
0.0176626
0.323672
0.306526
0.306526
0.682919
2.21803
1.4792
1.4792
1.72827
0.0226033
0.984391
0.241113
4.45558
14.6665
0.56185
0.56185
2.89335
0.251082
0.251082
0.916976
1.16806
2.28714
5.25735
0.01
0.01
2.4054
0.620955
0.620955
1.78445
6.30714
0.165825
1.42348
0.415948
0.0656798
0.0656798
0.350269
1.00753
7.212
0.340899
0.340899
0.78069
0.312675
0.312675
0.808913
7.5139
0.242889
10.2438