0.538525104522705078125000000000
0.699045896530151367187500000000
0.396059870719909667968750000000
0.267955303192138671875000000000
0.456373929977416992187500000000
0.092518702149391174316406250000
0.825353384017944335937500000000
0.060258947312831878662109375000
0.208601206541061401367187500000
0.260065287351608276367187500000
0.373148858547210693359375000000
0.199929922819137573242187500000
0.576624929904937744140625000000
0.576624929904937744140625000000
0.298471152782440185546875000000
0.298471152782440185546875000000
