0.381382
0.381382
1.25621
0.707553
0.479269
0.479269
0.228284
0.930039
2.44123
0.387379
0.387379
2.26929
0.789396
0.789396
1.06543
0.0104583
0.0104583
1.25053
0.351479
0.351479
0.909511
0.0613901
0.596356
0.596356
0.0518935
0.648249
0.67413
0.532447
0.801839
0.284231
0.234888
0.234888
1.58788
0.796858
0.140898
0.140898
0.65596
0.776728
1.57359
0.249183
0.0702777
1.89305
1.04785
0.181517
1.17193
1.17193
0.182913
1.15495
1.08333
0.0368869
0.0368869
1.04645
0.0716194
0.19989
0.381317
1.23205
0.906978
0.42494
0.42494
0.482038
0.325076
0.504107
1.15273
1.43434
0.319637
0.01
0.01
0.319637
1.1147
1.15463
0.388609
0.388609
2.20037
0.299917
0.174597
0.492543
0.492543
0.340626
0.833168
1.32502
1.53914
0.639578
0.235177
0.235177
0.404401
0.89956
0.57781
2.11695
0.0412419
0.905298
0.0589243
0.956412