48 1
48 2
51 48
50 3
49 4
49 5
50 49
51 50
93 51
52 6
52 7
61 52
53 8
53 9
60 53
54 10
54 11
56 54
55 12
55 13
56 55
59 56
57 14
57 15
58 57
58 16
59 58
60 59
61 60
68 61
62 17
62 18
66 62
64 19
63 20
63 21
64 63
65 64
65 22
66 65
67 66
67 23
68 67
92 68
69 24
69 25
73 69
72 26
71 27
70 28
70 29
71 70
72 71
73 72
77 73
76 30
75 31
74 32
74 33
75 74
76 75
77 76
83 77
80 34
79 35
78 36
78 37
79 78
80 79
82 80
81 38
81 39
82 81
83 82
91 83
84 40
84 41
85 84
85 42
90 85
88 43
87 44
86 45
86 46
87 86
88 87
89 88
89 47
90 89
91 90
92 91
93 92