0.684688
0.0569913
0.0569913
0.322706
0.379698
0.30499
0.111694
0.796382
2.70264
2.26262
0.456192
0.161725
0.161725
0.294468
1.80642
1.2103
0.698366
0.649307
0.649307
0.0490592
2.77455
0.0261072
2.2218
0.173171
0.173171
0.475646
0.648817
0.826319
0.855914
0.170846
0.170846
0.685067
0.619222
0.0334778
0.0883996
0.0883996
1.36712
0.899044
0.899044
0.556476
0.0530936
0.514594
1.58994
0.0884987
0.0884987
0.558919
0.0601981
0.0601981
0.127776
0.187974
0.459444
0.942517
0.433273
3.69761
1.87331
0.01
0.01
0.67012
0.648307
0.648307
0.0218128
1.96259
0.79192
0.411403
0.411403
0.380516
1.49272
2.28464
0.348064
3.22023
0.814975
0.814975
0.558927
1.3739
0.648997
2.0229
1.61101
3.63391
2.21903
1.7412
6.53881
14.1329