2.76076
2.76076
1.61515
0.216507
0.216507
2.99959
0.895854
0.895854
2.32024
0.38104
1.23965
0.491781
0.491781
0.747872
2.35748
0.778775
3.00351
0.257307
0.257307
0.31693
0.553604
0.553604
0.0206328
0.673466
1.23316
1.23316
0.0145417
1.44751
0.677524
0.677524
2.01768
1.07228
1.24573
0.0799719
0.0799719
0.000773683
0.0807456
0.900899
0.981645
0.0370472
0.580602
0.01
0.01
0.580602
0.43809
0.227034
0.739897
1.98562
1.78187
0.225065
2.64117
0.516701
0.0823788
0.0823788
0.434323
2.12447
1.35139
1.11484
0.1738
0.1738
4.9336
0.0685084
0.404174
0.404174
0.52494
0.929114
0.75542
1.68453
3.49137
2.20351