0.973030865192413330078125000000
0.726960778236389160156250000000
0.345219284296035766601562500000
0.316257029771804809570312500000
0.269176900386810302734375000000
0.174671471118927001953125000000
0.753148555755615234375000000000
0.748909652233123779296875000000
0.658643126487731933593750000000
0.658643126487731933593750000000
0.000000000000000000000000000000
0.000000000000000000000000000000
0.000000000000000000000000000000
0.000000000000000000000000000000
0.000000000000000000000000000000
0.000000000000000000000000000000
