0.257209956645965576171875000000
1.716825962066650390625000000000
0.527643918991088867187500000000
1.459615945816040039062500000000
0.260035246610641479492187500000
0.931972026824951171875000000000
0.108657486736774444580078125000
0.202231019735336303710937500000
0.022553816437721252441406250000
0.210132926702499389648437500000
0.190722018480300903320312500000
0.283174008131027221679687500000
0.190722018480300903320312500000
0.234036475419998168945312500000
0.092451497912406921386718750000
0.092451497912406921386718750000
0.033800844103097915649414062500
0.092451497912406921386718750000
0.073041096329689025878906250000
0.073041096329689025878906250000
0.058650657534599304199218750000
0.058650657534599304199218750000
0.049137547612190246582031250000
0.049137547612190246582031250000
0.000000000000000000000000000000
0.000000506639480590820312500000
0.000000000000000000000000000000
0.000000506639480590820312500000
0.000000506639480590820312500000
0.000000506639480590820312500000
0.000000506639480590820312500000
0.000000506639480590820312500000
0.000000506639480590820312500000
0.000000506639480590820312500000
0.000000506639480590820312500000
0.000000506639480590820312500000
0.000000506639480590820312500000
0.000000506639480590820312500000
