0.317779
0.296552
0.239496
0.239496
0.057056
0.0212273
2.64417
1.05979
0.129971
0.129971
0.826683
0.956653
0.10314
1.90216
0.171143
0.0572477
0.0572477
1.69147
1.74872
1.30253
0.13476
0.13476
2.09109
0.44343
0.324302
0.324302
0.0137783
0.338081
0.105349
1.78242
0.143416
2.36927
0.681982
0.0818461
1.14909
0.0858471
0.0858471
2.07355
1.36924
1.36924
0.790154
1.96376
3.31129
1.90567
1.27372
0.782527
0.782527
0.452014
1.23454
0.0391793
0.631946
1.40563
0.07633
0.847477
0.847477
0.0170167
0.864493
2.52313
0.735537
0.159026
0.228111
0.01
0.01
0.969281
0.567461
0.567461
0.401819
1.92492
0.255105
0.0452787
0.0452787
0.209826
0.0992864
0.304583
0.304583
0.0498088
1.2323
1.58669
1.30751
1.6161