0.511589050292968750000000000000
0.314424484968185424804687500000
0.508295714855194091796875000000
0.114948794245719909667968750000
0.339540809392929077148437500000
0.094265528023242950439453125000
0.874612212181091308593750000000
0.284150898456573486328125000000
0.864719212055206298828125000000
0.864718914031982421875000000000
0.177988976240158081054687500000
0.274257957935333251953125000000
0.096268996596336364746093750000
0.096268683671951293945312500000
0.000000000000000000000000000000
0.000000312924385070800781250000
0.000000312924385070800781250000
0.000000312924385070800781250000
0.000000312924385070800781250000
0.000000312924385070800781250000
