0.165747836232185363769531250000
0.474892497062683105468750000000
0.656437814235687255859375000000
0.147270128130912780761718750000
0.327248632907867431640625000000
0.726905465126037597656250000000
1.025757551193237304687500000000
0.309070467948913574218750000000
1.359733223915100097656250000000
0.661047756671905517578125000000
0.019833894446492195129394531250
0.291463494300842285156250000000
0.303619891405105590820312500000
0.312777847051620483398437500000
0.360443890094757080078125000000
0.814244270324707031250000000000
0.575152814388275146484375000000
0.425223469734191894531250000000
0.087545990943908691406250000000
0.225357562303543090820312500000
0.655967414379119873046875000000
0.817370355129241943359375000000
0.242163345217704772949218750000
0.155748888850212097167968750000
0.497105598449707031250000000000
0.085459187626838684082031250000
0.102459110319614410400390625000
0.649288296699523925781250000000
0.337946981191635131835937500000
0.135779976844787597656250000000
0.499349951744079589843750000000
0.499349951744079589843750000000
0.247464999556541442871093750000
0.363569974899291992187500000000
0.050299018621444702148437500000
0.363569974899291992187500000000
0.197046816349029541015625000000
0.188017636537551879882812500000
0.011425906792283058166503906250
0.058556728065013885498046875000
0.254714190959930419921875000000
0.254714190959930419921875000000
0.045298006385564804077148437500
0.161402955651283264160156250000
0.161402955651283264160156250000
0.161402955651283264160156250000
0.161402955651283264160156250000
0.161402955651283264160156250000
0.116104952991008758544921875000
0.116104952991008758544921875000
0.116104952991008758544921875000
0.116104952991008758544921875000
0.000000000000000000000000000000
0.000000000000000000000000000000
0.000000000000000000000000000000
0.000000000000000000000000000000
