0.446376830339431762695312500000
0.798747301101684570312500000000
0.081786587834358215332031250000
1.269246220588684082031250000000
0.649285852909088134765625000000
0.692239701747894287109375000000
0.414815813302993774414062500000
0.381192415952682495117187500000
0.570242702960968017578125000000
0.370624184608459472656250000000
0.348958462476730346679687500000
0.600083470344543457031250000000
0.261945426464080810546875000000
0.626994311809539794921875000000
0.355468243360519409179687500000
0.524491548538208007812500000000
0.471101909875869750976562500000
0.471101909875869750976562500000
0.284377098083496093750000000000
0.284377098083496093750000000000
0.106342181563377380371093750000
0.252308100461959838867187500000
0.219976961612701416015625000000
0.140477731823921203613281250000
0.145965903997421264648437500000
0.145965903997421264648437500000
