10.7406
2.0009
0.95295
0.582101
0.199354
0.199354
0.382747
0.370849
0.930245
1.88319
0.117706
2.78889
1.3938
0.240466
0.240466
0.419841
0.660307
0.213561
0.873868
0.121317
0.218668
0.218668
0.219461
0.438128
0.557057
0.398618
0.186904
1.58071
0.884479
2.46519
0.88145
0.169782
0.169782
1.9576
0.475597
0.475597
1.65178
1.21926
0.719444
0.0664783
0.0664783
1.50136
0.00270625
0.01
0.01
0.00270625
1.56514
0.717594
1.8611
0.196279
0.196279
1.66482
0.424341
0.343772
0.302574
0.302574
2.32663
0.258801
0.465225
0.264334
0.264334
0.200891
0.95001
0.83055
0.83055
0.584685
0.806518
0.0261708
0.0261708
2.19558
0.666256
1.17807
0.723713
1.05539
0.468525
0.113758
0.113758
0.354767
0.391986
0.860512
3.31049
1.69464
0.644945
0.644945
0.635043
1.27999
0.414648
2.47636
1.67418
4.89547