91 1
51 2
49 3
48 4
47 5
47 6
48 47
49 48
50 49
50 7
51 50
82 51
58 8
52 9
52 10
53 52
53 11
54 53
54 12
57 54
55 13
55 14
56 55
56 15
57 56
58 57
59 58
59 16
60 59
60 17
64 60
61 18
61 19
63 61
62 20
62 21
63 62
64 63
81 64
65 22
65 23
68 65
67 24
66 25
66 26
67 66
68 67
71 68
70 27
69 28
69 29
70 69
71 70
73 71
72 30
72 31
73 72
80 73
75 32
74 33
74 34
75 74
77 75
76 35
76 36
77 76
79 77
78 37
78 38
79 78
80 79
81 80
82 81
90 82
84 39
83 40
83 41
84 83
85 84
85 42
89 85
88 43
86 44
86 45
87 86
87 46
88 87
89 88
90 89
91 90