0.96433
0.96433
0.571105
0.260242
0.126831
0.126831
0.0110894
0.13792
0.122322
0.238167
0.498409
0.378712
0.877121
0.0296289
0.475306
0.475306
0.24106
0.444811
0.0349703
0.0349703
0.305699
0.320585
0.01
0.01
0.320585
0.0200842
0.104142
0.271555
0.190384
0.628685
3.8416
0.0344821
0.0344821
1.38447
1.41895
3.95808
1.19688
0.769983
0.769983
3.69057
1.89103
1.89103
0.518082
2.40911
1.54737
0.727627
0.727627
3.22885
0.504074
2.11335
5.62416
1.33382
0.58041
0.58041
0.75341
0.0458979
0.484603
0.484603
0.895116
0.250789
0.0518561
0.0518561
1.57865
7.46017
2.55184
1.0029
1.0029
1.54894
6.53884
3.10739