0.223753973841667175292968750000
0.192522719502449035644531250000
0.000490814039949327707290649414
0.141004249453544616699218750000
0.266398072242736816406250000000
1.713491201400756835937500000000
0.153938159346580505371093750000
0.337880969047546386718750000000
0.561282753944396972656250000000
0.037208873778581619262695312500
0.147054806351661682128906250000
0.269605755805969238281250000000
0.777049124240875244140625000000
1.117495775222778320312500000000
0.109155535697937011718750000000
0.888213992118835449218750000000
0.035629604011774063110351562500
0.342182338237762451171875000000
0.723845601081848144531250000000
0.953241825103759765625000000000
0.672514140605926513671875000000
0.749003171920776367187500000000
0.489030241966247558593750000000
0.749878585338592529296875000000
1.010186672210693359375000000000
0.242426604032516479492187500000
0.119891919195652008056640625000
0.853756666183471679687500000000
0.763539791107177734375000000000
0.363320678472518920898437500000
0.294128149747848510742187500000
0.137880444526672363281250000000
0.587039828300476074218750000000
0.587039828300476074218750000000
0.423093259334564208984375000000
0.095349408686161041259765625000
0.384762316942214965820312500000
0.221003666520118713378906250000
0.000000000000000000000000000000
0.000000000000000000000000000000
