1.81632
0.338538
0.338538
0.552548
0.792683
0.0653284
0.0653284
0.727354
0.0984027
0.92523
1.6582
3.47451
0.313271
0.27988
0.27988
3.5079
1.03045
1.25548
1.25548
2.69066
1.01439
1.01439
0.0879784
0.613118
0.112637
0.112637
0.500481
0.489248
2.84378
0.872091
1.90054
0.492841
0.33999
0.33999
0.152851
0.749357
1.2422
0.365268
0.01
0.01
0.0769554
0.0769554
0.089716
0.166671
1.44079
1.12014
2.7276
3.99117
4.62901
0.811159
0.811159
5.18588
2.31921
0.233581
0.233581
2.08563
3.67784
0.826811
0.0625751
0.0625751
1.8161
0.762884
0.550175
0.550175
0.212709
1.11579
4.94518
4.52392