3.17074
1.17866
1.17866
0.81908
0.638746
0.638746
0.871211
1.50996
0.180131
1.69009
0.281993
1.97208
0.025655
1.17301
0.445283
0.658507
0.0148723
0.0148723
0.643634
2.95752
0.242939
1.57842
1.57842
1.25569
0.628294
0.628294
1.04965
1.67794
1.15616
1.02486
0.704159
1.95404
1.95404
2.60909
2.47646
2.53612
2.53612
2.4712
4.95149
0.745038
0.745038
2.12984
2.87488
2.07661
0.0558358
1.26178
0.688874
0.688874
2.8657
0.0219843
0.0219843
0.178016
0.2
2.42978
0.0439961
0.0439961
0.174912
0.218908
0.131133
0.262877
0.262877
0.0871637
0.812421
1.16246
1.46732
0.924798
1.8107
4.64659
0.766466
0.498856
0.498856
0.26761
0.509197
0.205225
0.103436
0.103436
0.101789
0.306637
0.01
0.01
0.511862
0.763802
3.37092
0.718688
0.903827
0.770482
0.427186
0.242384
0.242384
0.845758
1.08814
6.37863