0.567073
0.567073
2.25352
0.105738
0.105738
2.71486
0.272777
2.37449
0.0303108
0.0303108
0.237904
0.268215
0.0572846
0.0823184
0.0823184
0.243181
2.04899
0.355668
2.73016
0.363213
1.74569
1.51903
1.51903
2.34732
0.23627
0.23627
0.373429
0.6097
3.25665
0.209489
1.21667
1.21667
2.26249
1.73131
0.997444
0.282149
0.282149
0.715295
0.240611
1.23805
0.493255
1.74785
0.293315
0.439378
0.439378
2.91076
1.20549
1.20549
0.00333253
1.20882
0.27877
0.240364
0.115636
0.115636
0.124728
1.24723
1.86254
0.422344
0.294817
0.941895
0.941895
2.2386
0.245033
0.245033
1.16875
0.0383017
0.0383017
0.468225
0.01
0.01
0.506526
0.319079
0.300599
0.300599
0.525007
0.588178
0.162631
1.57641
1.60408
0.886798
0.0085437
0.763219
0.182135
2.86887
2.86887
2.15232
0.544864
0.196166
0.196166
4.06846
4.26462
1.30143