0.726667
0.726667
1.40964
2.13631
0.110861
2.24717
0.869866
1.2596
1.2596
1.85744
0.872289
0.00566252
0.00566252
0.622205
0.0794481
0.0794481
0.548419
0.598424
1.13983
1.13983
0.0864625
0.503838
0.0776961
0.0350176
0.0350176
0.0426785
0.277659
0.355355
1.37477
0.213611
1.24745
1.14983
0.01
0.01
1.14983
0.0976266
0.696287
0.0960149
0.35199
0.35199
1.68776
1.1505
2.94975
0.324139
0.273107
0.273107
0.0510327
0.381924
0.208941
0.208941
0.497122
0.804407
1.51047
1.43928
0.240505
0.663813
2.76386
0.0711277
0.0711277
2.69273
1.09021
0.135262