1.86808
1.57371
0.0935449
0.0935449
1.19206
0.291873
0.291873
0.492969
0.784842
0.500764
0.288107
0.294366
0.281995
0.564855
0.564855
0.55064
1.1155
1.03458
1.00984
0.539399
0.539399
0.522268
1.06167
1.62999
0.594382
0.594382
2.09728
0.468257
0.278065
0.163346
0.00302462
0.00302462
0.160322
0.780697
0.944043
0.285952
0.01
0.01
0.489388
0.489388
0.740608
0.0604276
1.29042
1.1994
0.453305
0.0157404
0.0157404
0.437565
0.59369
0.236365
0.236365
0.81063
1.44283
0.584486
0.147072
0.147072
0.271843
0.418915
0.547955
0.96687
2.10744
0.363668
5.87647
2.41824
0.369461
0.369461
2.04878
1.08688
1.13696
1.13696
1.11058
2.24754
1.25757
0.0158982
3.52101
5.79344