0.287824094295501708984375000000
0.782222628593444824218750000000
0.650978744029998779296875000000
0.868167400360107421875000000000
0.217188641428947448730468750000
0.217188641428947448730468750000
0.276609092950820922851562500000
0.349610090255737304687500000000
0.349610090255737304687500000000
0.349610090255737304687500000000
0.349610090255737304687500000000
0.349610090255737304687500000000
0.073001004755496978759765625000
0.073001004755496978759765625000
0.000000000000000000000000000000
0.000000000000000000000000000000
0.000000000000000000000000000000
0.000000000000000000000000000000
0.000000000000000000000000000000
0.000000000000000000000000000000
0.000000000000000000000000000000
0.000000000000000000000000000000
