0.225217282772064208984375000000
0.286606699228286743164062500000
1.774782896041870117187500000000
0.369802981615066528320312500000
1.200007438659667968750000000000
0.739606261253356933593750000000
1.301809549331665039062500000000
0.606777310371398925781250000000
0.120055206120014190673828125000
0.973787069320678710937500000000
0.426137179136276245117187500000
0.117490991950035095214843750000
0.427594721317291259765625000000
0.427594721317291259765625000000
0.103170111775398254394531250000
0.099287167191505432128906250000
