91 1
48 2
47 3
47 4
48 47
49 48
49 5
58 49
50 6
50 7
57 50
52 8
51 9
51 10
52 51
54 52
53 11
53 12
54 53
55 54
55 13
56 55
56 14
57 56
58 57
70 58
62 15
59 16
59 17
61 59
60 18
60 19
61 60
62 61
67 62
64 20
63 21
63 22
64 63
65 64
65 23
66 65
66 24
67 66
69 67
68 25
68 26
69 68
70 69
90 70
71 27
71 28
77 71
76 29
72 30
72 31
75 72
73 32
73 33
74 73
74 34
75 74
76 75
77 76
89 77
79 35
78 36
78 37
79 78
80 79
80 38
81 80
81 39
88 81
87 40
82 41
82 42
86 82
83 43
83 44
85 83
84 45
84 46
85 84
86 85
87 86
88 87
89 88
90 89
91 90