0.548553586006164550781250000000
0.116191327571868896484375000000
1.106684327125549316406250000000
0.983982920646667480468750000000
0.290924549102783203125000000000
0.304946303367614746093750000000
0.777124285697937011718750000000
0.240837290883064270019531250000
0.594879388809204101562500000000
0.058592408895492553710937500000
0.536287009716033935546875000000
0.026749862357974052429199218750
0.536287009716033935546875000000
0.460874676704406738281250000000
0.509537100791931152343750000000
0.509537100791931152343750000000
0.075412318110466003417968750000
0.075412318110466003417968750000
0.000000000000000000000000000000
0.000000000000000000000000000000
0.000000000000000000000000000000
0.000000000000000000000000000000
0.000000000000000000000000000000
0.000000000000000000000000000000
0.000000000000000000000000000000
0.000000000000000000000000000000
