51 1
51 2
52 51
52 3
53 52
53 4
57 53
54 5
54 6
55 54
55 7
56 55
56 8
57 56
99 57
58 9
58 10
60 58
59 11
59 12
60 59
61 60
61 13
98 61
74 14
62 15
62 16
73 62
72 17
63 18
63 19
71 63
64 20
64 21
65 64
65 22
66 65
66 23
68 66
67 24
67 25
68 67
70 68
69 26
69 27
70 69
71 70
72 71
73 72
74 73
97 74
77 28
75 29
75 30
76 75
76 31
77 76
79 77
78 32
78 33
79 78
80 79
80 34
84 80
81 35
81 36
83 81
82 37
82 38
83 82
84 83
89 84
86 39
85 40
85 41
86 85
87 86
87 42
88 87
88 43
89 88
96 89
93 44
90 45
90 46
91 90
91 47
92 91
92 48
93 92
95 93
94 49
94 50
95 94
96 95
97 96
98 97
99 98