0.0908306
0.0908306
0.0510052
0.141836
0.367885
0.509721
13.3606
0.288372
0.288372
0.531801
0.820173
1.38084
2.20101
11.6693
6.36403
0.30014
0.30014
4.00259
0.349617
0.349617
3.95312
3.70446
8.00719
9.39663
7.91601
3.33681
3.33681
1.1497
3.33316
0.639526
0.639526
2.4103
0.00600433
0.00600433
0.172874
0.178879
0.398868
0.577746
0.274189
0.0125599
0.0125599
0.839375
1.28605
1.49273
1.49273
0.645259
0.911836
0.283338
1.15335
3.4295
1.47594
0.765841
0.01
0.01
0.35922
0.35922
0.406622
0.141873
0.0702391
0.0702391
0.837475
0.00939287
0.917107
1.08042
0.841065
0.841065
0.116068
0.0304257
0.0304257
0.926707
1.04039
0.565581
0.7968
0.355173
0.355173
0.441627
0.0854253
0.882225
1.36438
2.24661
0.316498
1.66509
0.784697
0.0856104
0.0856104
0.366546
0.452156
0.171249
0.623406
0.161291
0.644781
0.0465812
0.0465812
1.3829
2.79872
5.16376
8.01186
2.83054