51 1
49 2
49 3
50 49
50 4
51 50
59 51
52 5
52 6
58 52
57 7
56 8
54 9
53 10
53 11
54 53
55 54
55 12
56 55
57 56
58 57
59 58
65 59
60 13
60 14
61 60
61 15
64 61
62 16
62 17
63 62
63 18
64 63
65 64
72 65
66 19
66 20
69 66
67 21
67 22
68 67
68 23
69 68
71 69
70 24
70 25
71 70
72 71
95 72
73 26
73 27
75 73
74 28
74 29
75 74
79 75
76 30
76 31
78 76
77 32
77 33
78 77
79 78
83 79
80 34
80 35
82 80
81 36
81 37
82 81
83 82
85 83
84 38
84 39
85 84
89 85
88 40
86 41
86 42
87 86
87 43
88 87
89 88
92 89
90 44
90 45
91 90
91 46
92 91
94 92
93 47
93 48
94 93
95 94