0.999299
0.0771419
0.0771419
0.922157
1.38421
2.3835
1.7045
0.353039
0.353039
1.40357
0.111053
0.111053
1.64556
0.36038
0.196986
0.133049
0.133049
0.0639372
0.529439
0.263716
0.263716
0.46271
1.39056
1.64047
0.110375
0.110375
1.18007
1.29044
0.136926
1.42737
0.727446
0.636936
0.636936
1.51788
1.59861
0.943187
0.508102
0.508102
0.435085
1.94026
0.45201
0.45201
1.86167
0.873393
0.610337
0.599848
0.599848
0.0104894
0.263056
0.443887
1.31728
0.434261
1.75154
0.562143
0.569767
0.869976
0.00402892
0.33055
0.130481
0.352095
0.352095
0.855065
0.256866
0.256866
0.285308
0.2632
0.2632
0.278974
0.664986
1.77378
0.195082
0.195082
2.78586
0.602756
0.818379
0.477145
0.477145
0.341234
1.55947
1.19415
1.19415
1.04462
0.423588
0.423588
1.81518
0.13908
1.02417
0.944957
0.0182387
0.01
0.01
0.0182387
0.926718
2.45706
0.181676
0.634791