46 1
46 2
47 46
47 3
57 47
48 4
48 5
56 48
49 6
49 7
55 49
50 8
50 9
51 50
51 10
52 51
52 11
53 52
53 12
54 53
54 13
55 54
56 55
57 56
68 57
58 14
58 15
60 58
59 16
59 17
60 59
67 60
66 18
61 19
61 20
63 61
62 21
62 22
63 62
65 63
64 23
64 24
65 64
66 65
67 66
68 67
71 68
70 25
69 26
69 27
70 69
71 70
89 71
88 28
73 29
72 30
72 31
73 72
76 73
75 32
74 33
74 34
75 74
76 75
87 76
86 35
80 36
78 37
77 38
77 39
78 77
79 78
79 40
80 79
85 80
84 41
83 42
81 43
81 44
82 81
82 45
83 82
84 83
85 84
86 85
87 86
88 87
89 88