0.00446688
0.00446688
1.29396
1.29843
1.87512
0.481161
0.481161
1.5918
0.833854
0.833854
0.85167
0.149732
0.149732
0.0695841
0.219316
0.153119
0.372435
0.241767
0.614202
0.551461
1.16566
0.51986
0.387435
1.10059
0.890521
0.77901
0.77901
1.56886
1.32321
1.32321
1.02466
0.0820666
1.82679
0.450898
0.450898
0.303359
0.620761
0.620761
0.133497
0.423265
1.10502
1.10502
0.0725069
0.649264
0.603152
1.63413
1.89874
0.512161
0.0582735
0.0582735
0.453888
5.45065
0.678279
5.17806
1.18382
0.0265444
0.0265444
1.15728
2.44394
0.76348
0.500071
0.500071
0.263409
2.86428
0.58655
2.34715
1.05081
0.146516
0.01
0.01
0.146516
0.51295
0.659466
0.391343
1.07156
0.824467
0.716779
0.19078
0.19078
0.149234
0.340014
0.376765
0.107688
1.2979
0.224781
1.86716
0.963755
1.46303