1.615
1.46369
0.784987
0.784987
0.678705
0.135392
0.0283758
0.0283758
1.57071
0.0159186
11.3421
2.90873
1.13886
1.13886
1.76987
0.630715
0.714687
0.01
0.01
0.0101622
0.0101622
0.601712
0.611874
0.102813
1.27038
0.0401178
0.0401178
1.94495
1.55438
1.67915
3.05665
3.05665
2.16195
0.817242
6.03584
4.27759
2.10163
2.10163
1.47754
0.278671
0.110274
0.110274
0.168396
1.50371
0.106031
0.106031
1.67635
1.79679
2.27463
4.70031
2.09471
2.09471
2.6056
1.15349
2.54664
0.746275
0.746275
0.401152
0.325888
0.0119195
0.0119195
0.313968
0.821539
7.25301
1.91299
2.64364