0.141446
0.141446
4.2748
0.564258
0.413583
0.111527
0.111527
0.0231852
0.134713
0.0747533
0.0512033
0.0512033
0.158263
0.204118
0.150675
2.28347
2.84772
1.56852
0.528409
0.0371831
0.0371831
0.0833007
0.120484
3.56245
0.10971
0.10971
3.57323
1.26171
1.07692
2.11415
0.703206
0.703206
0.576013
1.27922
0.834929
3.90742
17.1963
0.593749
0.593749
3.75889
1.95919
0.204762
0.204762
0.239891
0.444653
1.42822
0.01
0.01
0.660656
0.660656
1.21221
0.086322
1.4712
1.23738
1.23738
0.435498
0.359182
0.0262682
0.0262682
0.332914
1.3137
1.75751
0.922242
2.83051
0.39995
0.39995
3.79212
0.392208
0.0308453
0.0308453
0.361363
3.79986
2.31412
0.863141
0.863141
5.64305
0.676962
16.0347