0.01
0.01
2.21268
0.678196
0.678196
1.52977
0.0645934
0.0645934
0.465743
0.530336
1.67763
0.00470775
2.22427
0.476828
0.476828
0.607777
0.0654681
0.0654681
0.205091
0.270559
0.528678
0.799237
0.285368
2.40734
3.49194
0.570795
3.25825
0.876662
0.873713
0.605376
0.605376
0.268337
0.00294913
2.38159
0.455995
0.605638
0.0245091
0.0245091
0.354452
0.378961
0.226677
3.10861
0.348492
0.374215
0.973245
0.257691
0.257691
0.346287
0.603978
4.80622
0.781893
0.462597
0.462597
0.0423618
0.504959
0.0456655
0.0295632
0.0295632
0.247436
0.276999
0.273626
0.964658
0.330767
0.330767
0.597802
0.928569
0.586714
1.5596
2.09436
1.34429
1.34429
0.75007
0.980524
0.920214
0.504356
0.504356
0.516395
0.0615646
0.0615646
0.104543
0.166108
0.854643
2.97435
2.19699