1.90883
0.199279
0.199279
0.856069
1.05535
0.853484
0.47546
0.365374
0.365374
2.01892
0.180455
1.24176
0.732146
0.258729
0.258729
0.473418
0.509609
1.32299
4.94204
1.17858
1.17858
1.28704
0.0168015
0.01
0.01
0.00960756
0.00960756
0.00719391
0.231104
0.203535
0.203535
0.0443702
2.21771
3.28673
1.7365
0.767224
0.767224
0.0123168
0.77954
0.956963
0.0170596
0.245056
0.245056
0.0471752
0.292231
1.46133
2.34403
0.161006
0.161006
0.54123
0.702237
1.6766
2.04348
0.113523
0.113523
0.27375
0.387273
1.6562
0.335362
1.45135
0.107822
0.107822
1.98769
0.773601
0.750198
0.750198
0.0234029
1.32192
1.73467
0.267408
1.65475
1.75444