0.814607858657836914062500000000
0.599758207798004150390625000000
0.737837612628936767578125000000
0.058815155178308486938476562500
1.003079533576965332031250000000
0.125967353582382202148437500000
0.926174998283386230468750000000
0.609146714210510253906250000000
0.214300125837326049804687500000
0.215293765068054199218750000000
0.079368941485881805419921875000
0.314854234457015991210937500000
0.167695790529251098632812500000
0.313860595226287841796875000000
0.146164819598197937011718750000
0.007247856818139553070068359375
0.138916969299316406250000000000
0.138916969299316406250000000000
0.049062758684158325195312500000
0.001283198595046997070312500000
0.047779560089111328125000000000
0.047779560089111328125000000000
0.133249759674072265625000000000
0.133249759674072265625000000000
0.025080507621169090270996093750
0.013851183466613292694091796875
0.133249759674072265625000000000
0.133249759674072265625000000000
0.042673528194427490234375000000
0.133249759674072265625000000000
0.126055002212524414062500000000
0.013531256467103958129882812500
0.126055002212524414062500000000
0.133249759674072265625000000000
0.031320553272962570190429687500
0.008946004323661327362060546875
0.126055002212524414062500000000
0.133249759674072265625000000000
0.046059928834438323974609375000
0.113684132695198059082031250000
0.124303750693798065185546875000
0.124303750693798065185546875000
0.119718484580516815185546875000
0.112523727118968963623046875000
0.102082401514053344726562500000
0.017225274816155433654785156250
0.071868613362312316894531250000
0.100974477827548980712890625000
0.102173291146755218505859375000
0.102173291146755218505859375000
0.079995058476924896240234375000
0.079995058476924896240234375000
0.019565619528293609619140625000
0.019565619528293609619140625000
0.017316158860921859741210937500
0.017316158860921859741210937500
0.007194757461547851562500000000
0.007194757461547851562500000000
0.007194757461547851562500000000
0.007194757461547851562500000000
0.007194757461547851562500000000
0.007194757461547851562500000000
0.007194757461547851562500000000
0.007194757461547851562500000000
0.007194757461547851562500000000
0.007194757461547851562500000000
0.007194757461547851562500000000
0.007194757461547851562500000000
0.007194757461547851562500000000
0.007194757461547851562500000000
0.000000000000000000000000000000
0.000000000000000000000000000000
0.000000000000000000000000000000
0.000000000000000000000000000000
0.000000000000000000000000000000
0.000000000000000000000000000000
0.000000000000000000000000000000
0.000000000000000000000000000000
0.000000000000000000000000000000
0.000000000000000000000000000000
