0.335987
0.335987
0.81314
0.0954351
0.0954351
1.05369
4.33713
0.532403
0.532403
1.52098
0.159329
0.159329
1.89405
0.724009
0.472279
0.165833
0.165833
0.0135695
0.179403
0.159321
0.338724
0.133555
2.30511
2.32771
0.0565392
0.0565392
3.44915
0.454324
0.454324
2.29461
0.393733
0.393733
0.140803
0.534536
0.471358
0.175279
0.175279
0.309425
0.484704
0.121918
0.01
0.01
0.380649
0.380649
0.225973
0.0349593
0.641582
0.364312
1.74304
0.756752
0.337617
1.38728
1.38728
1.24704
1.46034
1.46034
0.663255
1.3247
1.3247
0.798896
0.510732
1.20898
1.26179
0.381164