0.145445466041564941406250000000
0.418340057134628295898437500000
0.489157617092132568359375000000
0.152268931269645690917968750000
0.177502617239952087402343750000
0.658412694931030273437500000000
0.884288549423217773437500000000
0.289289414882659912109375000000
0.129903346300125122070312500000
0.042931556701660156250000000000
0.480184167623519897460937500000
1.049570679664611816406250000000
0.962598979473114013671875000000
0.211358293890953063964843750000
0.203722238540649414062500000000
0.126984596252441406250000000000
0.348807454109191894531250000000
0.773070394992828369140625000000
0.055177114903926849365234375000
0.708434283733367919921875000000
0.082579657435417175292968750000
0.082579657435417175292968750000
0.032161645591259002685546875000
0.486807018518447875976562500000
0.486807018518447875976562500000
0.220158085227012634277343750000
0.484034776687622070312500000000
0.486807018518447875976562500000
0.241801738739013671875000000000
0.305055946111679077148437500000
0.187301114201545715332031250000
0.266648918390274047851562500000
0.062543988227844238281250000000
0.062543988227844238281250000000
0.062543988227844238281250000000
0.062543988227844238281250000000
0.062543988227844238281250000000
0.062543988227844238281250000000
0.002772238105535507202148437500
0.002772238105535507202148437500
0.000000000000000000000000000000
0.000000000000000000000000000000
0.000000000000000000000000000000
0.000000000000000000000000000000
0.000000000000000000000000000000
0.000000000000000000000000000000
