0.198098
0.198098
0.0830119
0.28111
3.17045
3.0978
0.901473
0.901473
0.0674395
0.0513594
0.0513594
0.815183
0.791801
0.254389
0.254389
0.537412
0.0747414
0.10237
0.477735
0.120551
0.120551
0.16378
0.120008
0.120008
0.164323
1.16232
1.65115
0.0826549
0.268739
0.268739
0.239484
0.301405
0.301405
0.206817
2.67223
0.177242
0.746089
0.746089
0.267575
0.47916
0.01
0.01
0.47916
0.534504
0.325031
0.0783667
0.0783667
0.882857
0.17584
0.17584
0.785384
0.377471
2.019
0.0938644
0.594668
0.134426
0.134426
3.11955
0.005446
0.005446
3.24853
0.792252