0.213996
0.00724433
0.00724433
0.206751
1.08054
0.744975
0.188857
0.188857
0.556119
0.549557
0.446532
0.753062
0.01
0.01
0.660792
0.13404
0.13404
0.526753
0.09227
0.988002
2.42336
2.58403
2.24086
2.24086
0.34317
0.766523
0.0425163
0.0425163
3.30804
0.813872
0.311446
1.7857
1.7857
0.169999
0.27449
0.27449
1.53604
1.10636
0.174938
0.0523192
0.0523192
0.122619
0.931426
0.361342
0.169304
0.169304
0.293808
0.463112
1.00459
0.34282
0.145168
0.758835
2.71453
1.76134
0.426701
0.19199
0.19199
4.57459
0.491577
0.491577
2.53747
2.55237
0.927753
0.395446
0.289557
0.251327
0.251327
0.0382297
0.105889
0.532307
0.00106551
0.928818
0.28364
1.21246
0.290298
0.445648
0.445648
0.772595
1.21824
0.284512
1.04961
0.476681
0.31915
3.00082
3.00082
0.347384
0.731169
1.32103
0.411646
0.411646
0.909384
2.75834
0.687215
0.135987