0.058767367154359817504882812500
0.379428297281265258789062500000
0.026925057172775268554687500000
0.937910556793212890625000000000
0.093642972409725189208984375000
0.566172003746032714843750000000
0.361810803413391113281250000000
0.361810803413391113281250000000
0.538640558719635009765625000000
0.547608256340026855468750000000
0.319036185741424560546875000000
0.151059269905090332031250000000
0.208317980170249938964843750000
1.027474641799926757812500000000
0.883742094039916992187500000000
0.104682683944702148437500000000
0.257860094308853149414062500000
0.362051039934158325195312500000
0.049857605248689651489257812500
0.819156587123870849609375000000
0.107734844088554382324218750000
0.769087374210357666015625000000
0.111869543790817260742187500000
0.711418926715850830078125000000
0.361620932817459106445312500000
0.235246643424034118652343750000
0.099334508180618286132812500000
0.599552214145660400390625000000
0.268904477357864379882812500000
0.599552214145660400390625000000
0.073642455041408538818359375000
0.520399868488311767578125000000
0.120031297206878662109375000000
0.500217795372009277343750000000
0.027403920888900756835937500000
0.446757376194000244140625000000
0.059611693024635314941406250000
0.389374107122421264648437500000
0.138494864106178283691406250000
0.359741747379302978515625000000
0.321040153503417968750000000000
0.321040153503417968750000000000
0.103391394019126892089843750000
0.047140162438154220581054687500
0.056251227855682373046875000000
0.056251227855682373046875000000
0.000000000000000000000000000000
0.000002861022949218750000000000
0.000000000000000000000000000000
0.000002861022949218750000000000
0.000000000000000000000000000000
0.000002861022949218750000000000
0.000000000000000000000000000000
0.000002861022949218750000000000
0.000000000000000000000000000000
0.000002861022949218750000000000
0.000000000000000000000000000000
0.000002861022949218750000000000
0.000000000000000000000000000000
0.000002861022949218750000000000
0.000000000000000000000000000000
0.000002861022949218750000000000
0.000000000000000000000000000000
0.000002861022949218750000000000
0.000000000000000000000000000000
0.000002861022949218750000000000
0.000000000000000000000000000000
0.000002861022949218750000000000
0.000000000000000000000000000000
0.000002861022949218750000000000
0.000000000000000000000000000000
0.000002861022949218750000000000
0.000002861022949218750000000000
0.000002861022949218750000000000
