2.37932
2.37932
1.39585
0.0264512
0.0264512
1.67808
1.70454
1.14243
0.694718
0.0454705
0.0454705
0.649247
0.914298
0.175758
0.175758
1.43326
0.12729
0.610882
0.610882
1.12542
1.11066
0.191187
0.183226
0.183226
1.48004
0.748554
0.748554
0.914716
1.37488
0.737025
0.781056
0.975002
0.877068
0.877068
0.0979339
0.402595
0.337039
0.337039
0.596714
0.113508
0.113508
0.0955426
0.209051
0.453615
0.662666
0.271087
0.443844
1.61503
0.432876
0.01
0.01
0.432876
2.55975
0.342683
2.32197
0.504172
0.0353177
0.0353177
0.468854
0.554827
0.704611
0.68165
0.68165
0.0229613
0.354388
1.26297
1.01334
1.22092