0.625284790992736816406250000000
1.099277615547180175781250000000
0.077374532818794250488281250000
0.217267721891403198242187500000
0.488795340061187744140625000000
0.840000987052917480468750000000
0.389942198991775512695312500000
0.143494457006454467773437500000
1.013952851295471191406250000000
0.183985114097595214843750000000
0.231163382530212402343750000000
0.315825521945953369140625000000
0.276748567819595336914062500000
0.155878275632858276367187500000
0.451679795980453491210937500000
0.451679795980453491210937500000
0.226765021681785583496093750000
0.301461279392242431640625000000
0.074696265161037445068359375000
0.074696265161037445068359375000
