0.09734
0.00308627
0.00308627
0.0942538
5.98802
0.0708848
0.0708848
2.4525
1.45658
0.399933
0.399933
0.960738
1.36067
0.0959048
0.662098
1.38111
0.469813
0.0297455
0.0297455
0.106125
0.13587
0.333942
0.911294
0.737567
0.404715
1.11285
1.78483
1.72915
0.179708
0.179708
0.791404
0.0863304
0.0863304
0.884781
0.758037
0.0556851
1.49953
1.69683
0.910101
0.910101
0.352683
0.600092
0.0374212
0.0374212
0.562671
0.262125
0.862217
0.400567
0.370934
0.238525
0.238525
1.39519
0.0631112
0.107283
0.0285644
0.0285644
1.77555
1.48025
0.18639
2.74333
0.0742427
0.0742427
0.529678
0.603921
2.13941
0.727422
0.165485
0.672018
2.13872
2.13872
2.16954
0.760692
0.498742
0.498742
0.365516
0.368361
0.368361
0.495898
0.551589
1.00868
0.742289
0.301209
0.301209
0.44108
0.266387
0.407171
0.6117
0.01
0.01
2.02755
0.675496
0.0451267
0.0451267
2.65792
2.3659
1.01641