0.191015005111694335937500000000
0.123757556080818176269531250000
0.067257449030876159667968750000
0.067257449030876159667968750000
0.158561632037162780761718750000
0.206438392400741577148437500000
0.242130085825920104980468750000
0.800425171852111816406250000000
1.808984994888305664062500000000
0.003756504505872726440429687500
0.129414767026901245117187500000
0.721644282341003417968750000000
0.278168290853500366210937500000
0.157100796699523925781250000000
0.215272977948188781738281250000
0.731803774833679199218750000000
0.231049180030822753906250000000
0.124357037246227264404296875000
0.021295333281159400939941406250
0.660486280918121337890625000000
0.503754973411560058593750000000
0.093143366277217864990234375000
0.001049401704221963882446289062
1.051451683044433593750000000000
0.825147330760955810546875000000
0.416170448064804077148437500000
1.008559823036193847656250000000
0.868206977844238281250000000000
0.206655055284500122070312500000
0.171567738056182861328125000000
0.271004706621170043945312500000
0.009012603200972080230712890625
0.258319050073623657226562500000
0.906368613243103027343750000000
0.217965319752693176269531250000
0.748671948909759521484375000000
0.403451591730117797851562500000
0.648049652576446533203125000000
0.647615015506744384765625000000
0.647615015506744384765625000000
0.194785729050636291503906250000
0.406016916036605834960937500000
0.351564407348632812500000000000
0.028963482007384300231933593750
0.021506926044821739196777343750
0.065773740410804748535156250000
0.301094025373458862304687500000
0.301094025373458862304687500000
0.256827205419540405273437500000
0.256827205419540405273437500000
0.244598075747489929199218750000
0.244598075747489929199218750000
0.140352860093116760253906250000
0.140352860093116760253906250000
0.000000000000000000000000000000
0.000000000000000000000000000000
0.000000000000000000000000000000
0.000000000000000000000000000000
0.000000000000000000000000000000
0.000000000000000000000000000000
0.000000000000000000000000000000
0.000000000000000000000000000000
0.000000000000000000000000000000
0.000000000000000000000000000000
0.000000000000000000000000000000
0.000000000000000000000000000000
0.000000000000000000000000000000
0.000000000000000000000000000000
