3.95516
0.281938
0.281938
1.03512
1.31706
1.9938
3.31086
0.644302
3.59276
1.5476
1.38013
1.38013
0.167468
1.95841
3.50601
4.04191
2.36671
0.887126
0.887126
0.0563819
0.5768
0.375714
0.331259
0.331259
0.044455
0.201086
0.366708
2.38279
1.46885
1.36828
0.955319
0.955319
0.412958
0.100572
1.04646
0.292657
0.292657
1.53451
1.82716
0.414076
2.21724
2.21724
0.0239935
0.274075
0.810989
1.58103
4.90733
1.05345
0.153657
0.153657
0.382274
0.535931
1.70905
2.24498
0.260345
2.50532
0.980671
0.432254
0.01
0.01
0.055134
0.055134
0.367818
0.422952
0.00930196
0.526322
0.958576
2.52742
2.47479
3.95385