53 1
51 2
51 3
52 51
52 4
53 52
82 53
58 5
56 6
54 7
54 8
55 54
55 9
56 55
57 56
57 10
58 57
81 58
74 11
59 12
59 13
73 59
62 14
61 15
60 16
60 17
61 60
62 61
72 62
64 18
63 19
63 20
64 63
65 64
65 21
71 65
66 22
66 23
70 66
67 24
67 25
68 67
68 26
69 68
69 27
70 69
71 70
72 71
73 72
74 73
75 74
75 28
80 75
76 29
76 30
79 76
78 31
77 32
77 33
78 77
79 78
80 79
81 80
82 81
99 82
98 34
84 35
83 36
83 37
84 83
97 84
87 38
86 39
85 40
85 41
86 85
87 86
96 87
94 42
88 43
88 44
89 88
89 45
90 89
90 46
93 90
91 47
91 48
92 91
92 49
93 92
94 93
95 94
95 50
96 95
97 96
98 97
99 98