0.310615897178649902343750000000
0.756605863571166992187500000000
0.580399632453918457031250000000
0.043169528245925903320312500000
0.074931740760803222656250000000
0.597512006759643554687500000000
0.340893983840942382812500000000
0.200220733880996704101562500000
1.108984112739562988281250000000
0.536435127258300781250000000000
0.231451615691184997558593750000
0.481180250644683837890625000000
0.044042151421308517456054687500
0.427976727485656738281250000000
0.611064016819000244140625000000
0.096631079912185668945312500000
0.844328343868255615234375000000
0.083048865199089050292968750000
0.829007029533386230468750000000
0.902500152587890625000000000000
0.572549283504486083984375000000
0.572549283504486083984375000000
0.314574122428894042968750000000
0.388067275285720825195312500000
0.073493123054504394531250000000
0.073493123054504394531250000000
0.073493123054504394531250000000
0.000972318986896425485610961914
0.072520807385444641113281250000
0.072520807385444641113281250000
0.058171801269054412841796875000
0.058171801269054412841796875000
0.000000000000000000000000000000
0.000000000000000000000000000000
0.000000000000000000000000000000
0.000000000000000000000000000000
0.000000000000000000000000000000
0.000000000000000000000000000000
0.000000000000000000000000000000
0.000000000000000000000000000000
