0.175084
0.175084
1.20543
0.834955
0.643191
0.253584
0.225384
0.225384
0.0282004
0.0765423
0.157662
0.157662
0.0825468
0.240209
0.0899177
0.313064
0.191765
0.545564
0.532304
1.57253
1.36221
0.769074
0.769074
0.593136
0.210322
0.340291
4.38352
0.17522
0.17522
0.460401
0.248779
0.248779
0.386842
0.59959
1.23521
0.502836
1.73805
2.94887
0.068955
0.068955
1.47216
1.54111
0.468865
1.64615
1.5368
0.335672
0.335672
0.131722
0.467394
1.0694
0.10935
0.0404788
0.260394
0.01
0.01
0.260394
1.42623
0.323353
0.258258
0.0302319
0.0302319
0.06482
0.0950519
2.17318
2.41868
1.60942