1.86673
1.65767
0.01
0.01
0.271817
0.271817
0.811405
0.19707
0.19707
0.176311
0.373382
0.70984
0.57445
0.209055
1.07754
2.94427
1.37316
0.760825
0.760825
3.5566
7.18876
5.00686
0.043182
0.043182
1.12634
1.16952
0.238054
1.40758
2.39596
0.517633
0.156719
0.156719
0.360915
0.101576
0.580547
0.163821
0.163821
0.416726
0.0386619
0.663567
0.646513
0.363653
0.363653
0.28286
0.636263
2.52076
1.07654
4.88007
0.126793
0.576602
1.19816
0.550655
0.550655
0.647507
0.0465998
1.24476
3.69316
1.31433
0.0282122
0.0282122
1.28612
3.62359
0.645546
1.80784
0.957682
0.957682
0.973222
0.00504007
0.00504007
0.918419
0.923459
1.00744
1.2386
1.17578
1.17578
1.40371
0.0127464
0.0127464
0.642912
0.655658
1.92384
0.340972
2.92047
0.249036
4.16247
7.33197
0.0593335
4.11488