0.0812061
0.0812061
1.45681
0.317992
0.317992
1.22003
0.455258
0.305148
0.305148
0.167899
0.473047
0.287758
0.271631
0.271631
0.489174
0.708087
0.145626
0.145626
0.761403
0.716858
0.156305
0.156305
0.560552
0.166912
0.316605
0.316605
0.567164
0.023259
0.561863
0.524383
1.912
0.25557
0.140243
0.140243
0.115327
0.0430596
0.29863
0.0886558
0.387285
0.20086
0.417371
0.417371
0.170774
0.417974
1.00612
0.582491
0.0954186
0.0954186
0.274417
0.0301494
0.0301494
0.339686
1.21878
2.31666
0.178912
0.803419
0.803419
1.2757
0.00400638
0.01
0.01
0.00400638
0.824321
0.828328
1.25079
2.00507