0.992825984954833984375000000000
0.222139790654182434082031250000
0.356154024600982666015625000000
0.683800458908081054687500000000
0.522350311279296875000000000000
0.651170969009399414062500000000
0.058820974081754684448242187500
0.233595669269561767578125000000
1.035238623619079589843750000000
0.425882875919342041015625000000
1.007173776626586914062500000000
0.571834266185760498046875000000
0.439853817224502563476562500000
0.770534932613372802734375000000
0.609355628490447998046875000000
0.296795576810836791992187500000
0.191775053739547729492187500000
0.142157256603240966796875000000
0.170402824878692626953125000000
0.156689509749412536621093750000
0.013713311403989791870117187500
0.013713311403989791870117187500
