1.015728950500488281250000000000
0.448058456182479858398437500000
0.372714996337890625000000000000
0.185679316520690917968750000000
0.554459691047668457031250000000
0.237741112709045410156250000000
0.130716979503631591796875000000
1.074701070785522460937500000000
0.072708465158939361572265625000
0.144250035285949707031250000000
0.445190906524658203125000000000
0.142362922430038452148437500000
0.100152917206287384033203125000
0.181318551301956176757812500000
0.641590952873229980468750000000
0.452165633440017700195312500000
0.554141461849212646484375000000
0.841908097267150878906250000000
0.272722333669662475585937500000
0.420893341302871704101562500000
0.302073925733566284179687500000
0.802952527999877929687500000000
0.539080142974853515625000000000
0.428923994302749633789062500000
0.296552985906600952148437500000
0.296552985906600952148437500000
0.053683143109083175659179687500
0.193341270089149475097656250000
0.447195529937744140625000000000
0.447195529937744140625000000000
0.321796387434005737304687500000
0.269318222999572753906250000000
0.390909194946289062500000000000
0.148381978273391723632812500000
0.095134019851684570312500000000
0.238841384649276733398437500000
0.177610486745834350585937500000
0.045239504426717758178710937500
0.242527142167091369628906250000
0.242527142167091369628906250000
0.242526188492774963378906250000
0.150363728404045104980468750000
0.025241281837224960327148437500
0.242527142167091369628906250000
0.242527142167091369628906250000
0.242527142167091369628906250000
0.242527142167091369628906250000
0.242527142167091369628906250000
0.141706690192222595214843750000
0.057741180062294006347656250000
0.141173034906387329101562500000
0.162634313106536865234375000000
0.159544676542282104492187500000
0.159544676542282104492187500000
0.079123809933662414550781250000
0.110156148672103881835937500000
0.110156148672103881835937500000
0.110156148672103881835937500000
0.007589674554765224456787109375
0.110156148672103881835937500000
0.102566480636596679687500000000
0.102566480636596679687500000000
0.092163428664207458496093750000
0.092163428664207458496093750000
0.075579173862934112548828125000
0.075579173862934112548828125000
0.068695925176143646240234375000
0.068695925176143646240234375000
0.000000953674316406250000000000
0.000000953674316406250000000000
