0.710263431072235107421875000000
0.515715241432189941406250000000
0.148198723793029785156250000000
0.147214740514755249023437500000
0.594760537147521972656250000000
0.253979027271270751953125000000
0.190733313560485839843750000000
0.800325691699981689453125000000
0.213330045342445373535156250000
0.950804650783538818359375000000
0.518250763416290283203125000000
0.116633117198944091796875000000
0.312931448221206665039062500000
0.547761321067810058593750000000
0.115906380116939544677734375000
0.341212272644042968750000000000
0.234829872846603393554687500000
0.234829872846603393554687500000
0.225305870175361633300781250000
0.225305870175361633300781250000
