0.530905
0.420918
0.420918
0.109987
0.708287
0.01
0.01
1.23919
3.71035
3.86901
0.975473
0.975473
2.89354
0.728182
0.471533
0.471533
3.44266
3.84201
0.605016
0.605016
1.574
2.17902
0.066303
0.191812
0.191812
2.05351
0.456342
2.21983
0.0715479
0.0715479
0.563298
0.634846
1.58498
0.481833
1.14035
0.0721855
0.01101
0.22996
0.22996
3.69525
0.106232
1.24486
1.24486
1.1713
0.559768
0.559768
1.85639
0.538865
2.95502
1.07642
0.444402
1.82375
1.82375
0.461082
1.66088
0.566547
0.566547
1.09433
0.302714
1.0828
1.0828
0.6128
1.6956
0.267997
0.321233
0.486381
0.1725
0.1725
0.556792
0.126795
0.126795
0.341153
0.153642
0.0519182
0.0519182
0.101724
0.314305
0.261344
0.0932603
0.822552
0.361515
1.18407
1.13554
2.3196
0.451603
1.70463
0.121352
0.352349
1.12586
0.0253258
0.0253258
6.05007