0.653352
0.653352
1.26324
1.9166
0.132534
2.04913
2.13515
0.732701
0.000385873
0.000385873
0.379039
0.379425
0.353276
0.201119
0.93382
1.25931
0.318914
0.24894
0.24894
0.0699744
1.65916
1.92
0.01
0.01
1.58886
1.58886
0.331136
0.0580768
0.215056
1.99114
2.69842
1.51896
0.363903
0.141631
0.0210823
0.0210823
0.120548
0.222273
1.15506
1.25205
0.0867724
0.0451484
0.0451484
0.041624
1.53144
1.25394
0.320772
0.320772
0.933173
0.364267
0.0748787
1.69309
0.284367
1.31826
1.31826
0.659202
0.4477
1.11074
1.11074
0.656871
1.76761
0.65755
0.345847
4.11169