0.374498099088668823242187500000
0.715500116348266601562500000000
0.056783005595207214355468750000
0.056783005595207214355468750000
1.136101007461547851562500000000
0.558508872985839843750000000000
1.136101007461547851562500000000
0.009128592908382415771484375000
0.908161163330078125000000000000
1.076871395111083984375000000000
0.801780879497528076171875000000
0.801780879497528076171875000000
0.527491092681884765625000000000
0.213267743587493896484375000000
0.192971825599670410156250000000
0.270484298467636108398437500000
0.606704294681549072265625000000
0.065621696412563323974609375000
0.011638180352747440338134765625
0.121251493692398071289062500000
0.244439363479614257812500000000
0.103088498115539550781250000000
0.050101041793823242187500000000
0.482718944549560546875000000000
0.152628958225250244140625000000
0.144859343767166137695312500000
0.171016603708267211914062500000
0.482718944549560546875000000000
0.050101041793823242187500000000
0.482718944549560546875000000000
0.482718944549560546875000000000
0.403382033109664916992187500000
0.482718944549560546875000000000
0.482718944549560546875000000000
0.332782000303268432617187500000
0.112441010773181915283203125000
0.106810100376605987548828125000
0.006564381066709756851196289062
0.025399705395102500915527343750
0.112441010773181915283203125000
0.106810100376605987548828125000
0.083440601825714111328125000000
0.105876632034778594970703125000
0.105876632034778594970703125000
0.081410400569438934326171875000
0.081410400569438934326171875000
0.029000405222177505493164062500
0.029000405222177505493164062500
0.341368049383163452148437500000
0.341368049383163452148437500000
0.056195821613073348999023437500
0.337859600782394409179687500000
0.330089956521987915039062500000
0.330089956521987915039062500000
0.225971892476081848144531250000
0.281082987785339355468750000000
0.225971892476081848144531250000
0.281082987785339355468750000000
0.125085353851318359375000000000
0.281082987785339355468750000000
0.320943117141723632812500000000
0.281082987785339355468750000000
0.177266240119934082031250000000
0.320176899433135986328125000000
0.288771986961364746093750000000
0.320176899433135986328125000000
0.288771986961364746093750000000
0.037845522165298461914062500000
0.288771986961364746093750000000
0.320176899433135986328125000000
0.288771986961364746093750000000
0.028917327523231506347656250000
0.288771986961364746093750000000
0.320176899433135986328125000000
0.311702340841293334960937500000
0.311702340841293334960937500000
0.281663775444030761718750000000
0.281663775444030761718750000000
0.083175241947174072265625000000
0.099835902452468872070312500000
0.094971209764480590820312500000
0.099835902452468872070312500000
0.094971209764480590820312500000
0.099835902452468872070312500000
0.079336926341056823730468750000
0.079336926341056823730468750000
0.044724822044372558593750000000
0.044724822044372558593750000000
0.044724822044372558593750000000
0.044724822044372558593750000000
0.044724822044372558593750000000
0.044724822044372558593750000000
0.044724822044372558593750000000
0.044724822044372558593750000000
0.044724822044372558593750000000
0.044724822044372558593750000000
0.031404912471771240234375000000
0.031404912471771240234375000000
0.031404912471771240234375000000
0.031404912471771240234375000000
0.031404912471771240234375000000
0.031404912471771240234375000000
0.031404912471771240234375000000
0.031404912471771240234375000000
0.031404912471771240234375000000
0.031404912471771240234375000000
0.011795971542596817016601562500
0.011795971542596817016601562500
0.004859410226345062255859375000
0.004859410226345062255859375000
0.004859410226345062255859375000
0.004859410226345062255859375000
0.004859410226345062255859375000
0.004859410226345062255859375000
0.004859410226345062255859375000
0.004859410226345062255859375000
0.004859410226345062255859375000
0.004859410226345062255859375000
0.000000000000000000000000000000
0.000005282461643218994140625000
0.000000000000000000000000000000
0.000005282461643218994140625000
0.000000000000000000000000000000
0.000005282461643218994140625000
0.000005282461643218994140625000
0.000005282461643218994140625000
0.000000000000000000000000000000
0.000005282461643218994140625000
0.000005282461643218994140625000
0.000005282461643218994140625000
0.000005282461643218994140625000
0.000005282461643218994140625000
0.000005282461643218994140625000
0.000005282461643218994140625000
0.000005282461643218994140625000
0.000005282461643218994140625000
0.000005282461643218994140625000
0.000005282461643218994140625000
0.000005282461643218994140625000
0.000005282461643218994140625000
0.000005282461643218994140625000
0.000005282461643218994140625000
0.000005282461643218994140625000
0.000005282461643218994140625000
0.000005282461643218994140625000
0.000005282461643218994140625000
