0.563525557518005371093750000000
0.029324257746338844299316406250
0.243115305900573730468750000000
0.034904055297374725341796875000
0.264928370714187622070312500000
0.236708372831344604492187500000
0.028497129678726196289062500000
0.028497129678726196289062500000
0.028219996020197868347167968750
0.020116882398724555969238281250
0.028219996020197868347167968750
1.164861917495727539062500000000
0.002195804612711071968078613281
0.050495199859142303466796875000
0.300753533840179443359375000000
0.026024190708994865417480468750
0.030378315597772598266601562500
0.030378315597772598266601562500
1.086789965629577636718750000000
0.194940030574798583984375000000
0.022275201976299285888671875000
1.136641979217529296875000000000
0.284634023904800415039062500000
0.033922862261533737182617187500
0.721437573432922363281250000000
0.238429129123687744140625000000
1.064514875411987304687500000000
0.724778890609741210937500000000
0.023912066593766212463378906250
0.772885978221893310546875000000
0.600124716758728027343750000000
1.114366888999938964843750000000
1.114366888999938964843750000000
0.082984969019889831542968750000
1.102719187736511230468750000000
1.102719187736511230468750000000
1.090454697608947753906250000000
0.979435920715332031250000000000
0.941701829433441162109375000000
0.897178113460540771484375000000
0.893750369548797607421875000000
0.282685250043869018554687500000
0.812060773372650146484375000000
0.390377521514892578125000000000
0.615527629852294921875000000000
0.615527629852294921875000000000
0.514242112636566162109375000000
0.514242112636566162109375000000
0.080069251358509063720703125000
0.031130213290452957153320312500
0.003918410278856754302978515625
0.187357157468795776367187500000
0.361434102058410644531250000000
0.285462588071823120117187500000
0.341614007949829101562500000000
0.250104159116744995117187500000
0.141142308712005615234375000000
0.177995353937149047851562500000
0.141359701752662658691406250000
0.091509848833084106445312500000
0.078323952853679656982421875000
0.111018672585487365722656250000
0.036853037774562835693359375000
0.036853037774562835693359375000
0.049849867820739746093750000000
0.049851894378662109375000000000
0.049851894378662109375000000000
0.049851894378662109375000000000
0.049849867820739746093750000000
0.049851894378662109375000000000
0.049849867820739746093750000000
0.049851894378662109375000000000
0.049851894378662109375000000000
0.049851894378662109375000000000
0.049849867820739746093750000000
0.049851894378662109375000000000
0.049849867820739746093750000000
0.021501714363694190979003906250
0.049849867820739746093750000000
0.049851894378662109375000000000
0.049849867820739746093750000000
0.049851894378662109375000000000
0.044523715972900390625000000000
0.044523715972900390625000000000
0.004462427459657192230224609375
0.004462427459657192230224609375
0.000002026557922363281250000000
0.000002026557922363281250000000
0.000002026557922363281250000000
0.000002026557922363281250000000
0.000002026557922363281250000000
0.000002026557922363281250000000
0.000002026557922363281250000000
0.000002026557922363281250000000
0.000002026557922363281250000000
0.000002026557922363281250000000
0.000002026557922363281250000000
0.000002026557922363281250000000
0.000002026557922363281250000000
0.000002026557922363281250000000
0.000002026557922363281250000000
0.000002026557922363281250000000
