0.321397334337234497070312500000
1.021850347518920898437500000000
0.416298329830169677734375000000
1.113016486167907714843750000000
0.057046443223953247070312500000
0.943470358848571777343750000000
0.814675331115722656250000000000
1.205257892608642578125000000000
0.978149771690368652343750000000
0.835824787616729736328125000000
0.565586209297180175781250000000
0.085199967026710510253906250000
0.142744332551956176757812500000
0.480386257171630859375000000000
0.390582621097564697265625000000
0.390582621097564697265625000000
0.000000000000000000000000000000
0.000000000000000000000000000000
0.000000000000000000000000000000
0.000000000000000000000000000000
0.000000000000000000000000000000
0.000000000000000000000000000000
0.000000000000000000000000000000
0.000000000000000000000000000000
