1.00766
0.206497
0.206497
0.801165
0.585297
0.265763
0.265763
0.961376
1.22714
0.235001
1.46214
0.130819
1.11328
0.4508
0.244868
0.244868
0.205932
2.25544
0.518903
0.077721
0.077721
2.00047
2.07819
1.14695
0.108871
2.25006
0.255007
0.24048
0.24048
0.0145266
0.325633
0.58064
1.66942
1.04869
0.760947
0.760947
0.514711
0.458541
0.458541
0.817117
0.193063
1.46872
1.83003
0.0352662
2.10064
0.01
0.01
0.454236
0.454236
4.98041
0.406659
5.84131
1.35715
1.8937
0.0503471
0.0503471
0.0903499
0.0416728
0.0416728
0.0990241
0.0723636
0.213061
1.68064
2.12318
3.76136
0.54109
0.54109
0.374972
0.179331
0.179331
0.0547294
0.234061
0.137539
0.371599
0.544462
0.501009
1.41707
0.239181
1.65625
0.0646942
0.302124
0.302124
1.41882
2.04041
0.25552
3.18158