47 1
47 2
87 47
56 3
48 4
48 5
55 48
49 6
49 7
50 49
50 8
54 50
53 9
51 10
51 11
52 51
52 12
53 52
54 53
55 54
56 55
77 56
60 13
57 14
57 15
58 57
58 16
59 58
59 17
60 59
76 60
63 18
61 19
61 20
62 61
62 21
63 62
64 63
64 22
75 64
67 23
66 24
65 25
65 26
66 65
67 66
68 67
68 27
74 68
73 28
69 29
69 30
72 69
70 31
70 32
71 70
71 33
72 71
73 72
74 73
75 74
76 75
77 76
86 77
78 34
78 35
79 78
79 36
80 79
80 37
85 80
81 38
81 39
84 81
82 40
82 41
83 82
83 42
84 83
85 84
86 85
87 86
91 87
90 43
88 44
88 45
89 88
89 46
90 89
91 90