0.840870618820190429687500000000
0.495831131935119628906250000000
0.704191565513610839843750000000
1.019380331039428710937500000000
0.839972674846649169921875000000
0.736214399337768554687500000000
0.377062261104583740234375000000
0.377062261104583740234375000000
0.061873525381088256835937500000
0.061873525381088256835937500000
0.422913998365402221679687500000
0.379721492528915405273437500000
0.422913998365402221679687500000
0.091656640172004699707031250000
0.117968939244747161865234375000
0.422913998365402221679687500000
0.422913998365402221679687500000
0.006996352691203355789184570312
0.013809856958687305450439453125
0.301496535539627075195312500000
0.050799667835235595703125000000
0.415918588638305664062500000000
0.316400140523910522460937500000
0.409104138612747192382812500000
0.254332363605499267578125000000
0.365118891000747680664062500000
0.039098430424928665161132812500
0.331257373094558715820312500000
0.292158931493759155273437500000
0.292158931493759155273437500000
0.110785610973834991455078125000
0.110785610973834991455078125000
0.000000923871994018554687500000
0.000000923871994018554687500000
0.000000000000000000000000000000
0.000000923871994018554687500000
0.000000000000000000000000000000
0.000000923871994018554687500000
0.000000000000000000000000000000
0.000000923871994018554687500000
0.000000923871994018554687500000
0.000000923871994018554687500000
0.000000923871994018554687500000
0.000000923871994018554687500000
0.000000923871994018554687500000
0.000000923871994018554687500000
0.000000923871994018554687500000
0.000000923871994018554687500000
0.000000923871994018554687500000
0.000000923871994018554687500000
0.000000923871994018554687500000
0.000000923871994018554687500000
0.000000923871994018554687500000
0.000000923871994018554687500000
0.000000923871994018554687500000
0.000000923871994018554687500000
0.000000923871994018554687500000
0.000000923871994018554687500000
