5.60222
0.0247614
0.0247614
5.57746
0.0381625
3.18891
1.54089
0.113581
0.113581
1.42731
1.64802
1.32982
1.97933
1.97933
0.296959
0.947313
0.351028
0.351028
0.596285
0.242426
0.431055
0.431055
0.758684
0.391151
0.0253887
0.01
0.01
0.0253887
0.619941
0.645329
0.116035
0.554683
0.453222
0.453222
0.101461
0.206681
0.819526
0.695399
1.70681
1.21292
0.0757485
0.0757485
0.514558
0.428477
0.428477
0.161829
0.622614
1.29878
1.55164
1.41174
1.35694
1.35694
0.0548015
0.139899
0.960065
1.10319
0.492692
0.492692
0.998934
0.757715
0.757715
0.733911
2.12327
0.368207
0.535623
1.12166
0.594576
0.616744
0.616744
5.61821