45 1
45 2
48 45
47 3
46 4
46 5
47 46
48 47
53 48
52 6
50 7
49 8
49 9
50 49
51 50
51 10
52 51
53 52
75 53
54 11
54 12
55 54
55 13
56 55
56 14
74 56
57 15
57 16
58 57
58 17
68 58
59 18
59 19
60 59
60 20
61 60
61 21
67 61
62 22
62 23
63 62
63 24
66 63
64 25
64 26
65 64
65 27
66 65
67 66
68 67
73 68
72 28
69 29
69 30
71 69
70 31
70 32
71 70
72 71
73 72
74 73
75 74
87 75
76 33
76 34
78 76
77 35
77 36
78 77
80 78
79 37
79 38
80 79
84 80
81 39
81 40
83 81
82 41
82 42
83 82
84 83
86 84
85 43
85 44
86 85
87 86