47 1
47 2
78 47
48 3
48 4
49 48
49 5
51 49
50 6
50 7
51 50
76 51
52 8
52 9
53 52
53 10
57 53
56 11
54 12
54 13
55 54
55 14
56 55
57 56
75 57
74 15
59 16
58 17
58 18
59 58
65 59
61 19
60 20
60 21
61 60
64 61
62 22
62 23
63 62
63 24
64 63
65 64
73 65
66 25
66 26
69 66
68 27
67 28
67 29
68 67
69 68
72 69
71 30
70 31
70 32
71 70
72 71
73 72
74 73
75 74
76 75
77 76
77 33
78 77
91 78
79 34
79 35
85 79
80 36
80 37
84 80
81 38
81 39
83 81
82 40
82 41
83 82
84 83
85 84
90 85
87 42
86 43
86 44
87 86
89 87
88 45
88 46
89 88
90 89
91 90