2.156250000000000000000000000000
2.156250000000000000000000000000
0.097656250000000000000000000000
1.222656250000000000000000000000
0.097656250000000000000000000000
1.222656250000000000000000000000
0.296875000000000000000000000000
1.343750000000000000000000000000
0.296875000000000000000000000000
1.343750000000000000000000000000
1.676208496093750000000000000000
0.515625000000000000000000000000
1.676208496093750000000000000000
0.515625000000000000000000000000
1.037536621093750000000000000000
0.570739746093750000000000000000
1.037536621093750000000000000000
0.570739746093750000000000000000
1.127380371093750000000000000000
0.807067871093750000000000000000
1.127380371093750000000000000000
0.807067871093750000000000000000
0.068786621093750000000000000000
0.361755371093750000000000000000
0.068786621093750000000000000000
0.361755371093750000000000000000
0.869140625000000000000000000000
0.220703125000000000000000000000
0.869140625000000000000000000000
0.220703125000000000000000000000
0.572265625000000000000000000000
0.839843750000000000000000000000
0.572265625000000000000000000000
0.839843750000000000000000000000
0.648437500000000000000000000000
0.648437500000000000000000000000
0.648437500000000000000000000000
0.648437500000000000000000000000
0.167968750000000000000000000000
0.477539062500000000000000000000
0.167968750000000000000000000000
0.477539062500000000000000000000
0.212890625000000000000000000000
0.070312500000000000000000000000
0.212890625000000000000000000000
0.070312500000000000000000000000
0.259765625000000000000000000000
0.378906250000000000000000000000
0.259765625000000000000000000000
0.378906250000000000000000000000
0.332031250000000000000000000000
0.083984375000000000000000000000
0.332031250000000000000000000000
0.083984375000000000000000000000
0.320312500000000000000000000000
0.320312500000000000000000000000
0.320312500000000000000000000000
0.320312500000000000000000000000
0.279296875000000000000000000000
0.279296875000000000000000000000
0.279296875000000000000000000000
0.279296875000000000000000000000
0.267578125000000000000000000000
0.267578125000000000000000000000
0.267578125000000000000000000000
0.267578125000000000000000000000
0.200683593750000000000000000000
0.147460937500000000000000000000
0.200683593750000000000000000000
0.147460937500000000000000000000
0.189453125000000000000000000000
0.189453125000000000000000000000
0.189453125000000000000000000000
0.189453125000000000000000000000
0.049804687500000000000000000000
0.119140625000000000000000000000
0.049804687500000000000000000000
0.119140625000000000000000000000
0.100585937500000000000000000000
0.100585937500000000000000000000
0.100585937500000000000000000000
0.100585937500000000000000000000
0.069335937500000000000000000000
0.069335937500000000000000000000
0.069335937500000000000000000000
0.069335937500000000000000000000
0.069335937500000000000000000000
0.069335937500000000000000000000
0.069335937500000000000000000000
0.069335937500000000000000000000
0.047363281250000000000000000000
0.047363281250000000000000000000
0.047363281250000000000000000000
0.047363281250000000000000000000
0.000000000000000000000000000000
0.000000000000000000000000000000
0.000000000000000000000000000000
0.000000000000000000000000000000
