1.00415
0.891494
0.439616
0.439616
0.451878
0.112652
0.298723
0.01
0.01
1.30287
0.823479
0.492435
0.237893
0.237893
0.0141022
0.251995
0.147437
0.399432
0.093003
0.196511
0.0303722
0.0303722
0.658573
0.358598
1.04754
0.192585
1.24013
0.886219
0.488235
0.417943
0.100723
0.100723
0.31722
0.0514151
0.469358
0.900369
1.36973
0.253569
0.603302
0.603302
0.286972
0.450487
0.0810396
0.0810396
0.369448
0.136503
0.385144
0.385144
0.201846
0.303284
0.733022
0.307644
1.93094
0.683642
0.0746855
1.46972
0.487079
0.487079
0.982645
1.21954