0.647708594799041748046875000000
1.715026974678039550781250000000
0.194439858198165893554687500000
0.120292313396930694580078125000
0.072874262928962707519531250000
1.231999158859252929687500000000
0.511830031871795654296875000000
1.081974864006042480468750000000
0.245947152376174926757812500000
0.646021604537963867187500000000
0.400074511766433715820312500000
0.400074511766433715820312500000
0.284973025321960449218750000000
0.284973025321960449218750000000
0.075876735150814056396484375000
0.075876735150814056396484375000
0.000000000000000000000000000000
0.000000000000000000000000000000
