0.259134
0.259134
0.677782
0.936916
0.474772
1.41169
0.644891
0.01
0.01
0.808746
0.703142
0.703142
0.105604
0.44875
0.458019
0.215293
0.215293
0.0560907
0.271384
0.135966
0.0472778
0.0472778
0.360072
0.0506687
0.345746
0.313507
0.203833
0.203833
0.0541695
0.258003
0.0555042
0.425623
0.335019
0.102075
0.102075
0.216476
0.315423
0.315423
0.00312891
0.0164679
0.40411
0.0646352
0.453731
0.799083
0.498395
0.486162
0.486162
0.130699
0.616861
0.687026
0.067338
0.067338
0.426709
0.494047
0.476339
0.970385
0.305795
0.0135474
0.0135474
0.210805
0.224352
0.11434
0.154107
0.154107
0.184585
0.937489
0.0277064
1.25109