0.014853876084089279174804687500
1.163589954376220703125000000000
0.665292024612426757812500000000
0.070954084396362304687500000000
0.143486425280570983886718750000
0.254280984401702880859375000000
0.621969461441040039062500000000
0.621969461441040039062500000000
0.511170983314514160156250000000
0.511174917221069335937500000000
0.141338005661964416503906250000
0.171118006110191345214843750000
0.029780000448226928710937500000
0.029780000448226928710937500000
0.000003933906555175781250000000
0.000003933906555175781250000000
