51 1
50 2
50 3
51 50
97 51
55 4
52 5
52 6
54 52
53 7
53 8
54 53
55 54
59 55
56 9
56 10
58 56
57 11
57 12
58 57
59 58
84 59
61 13
60 14
60 15
61 60
81 61
62 16
62 17
63 62
63 18
65 63
64 19
64 20
65 64
67 65
66 21
66 22
67 66
79 67
71 23
68 24
68 25
70 68
69 26
69 27
70 69
71 70
72 71
72 28
78 72
75 29
73 30
73 31
74 73
74 32
75 74
76 75
76 33
77 76
77 34
78 77
79 78
80 79
80 35
81 80
82 81
82 36
83 82
83 37
84 83
96 84
86 38
85 39
85 40
86 85
89 86
87 41
87 42
88 87
88 43
89 88
90 89
90 44
95 90
94 45
91 46
91 47
92 91
92 48
93 92
93 49
94 93
95 94
96 95
97 96