0.236475
0.01
0.01
0.236475
1.94236
0.271418
0.271418
1.60321
1.01812
1.01812
0.856506
0.30421
1.50171
1.55276
1.55276
1.53044
0.306438
0.306438
0.160993
0.467431
1.78222
0.425167
0.353982
0.103512
0.103512
0.25047
0.0711851
1.82448
0.540168
2.78982
0.293383
0.597342
0.661766
1.55599
1.55599
0.861261
2.41725
0.17767
1.22849
0.381682
0.381682
0.359593
0.741276
0.209352
0.950627
0.277858
0.139459
0.027795
0.027795
1.34015
0.641037
2.00898
0.585935
1.74739
1.42414
0.834964
0.638584
0.334363
0.0146001
0.0146001
0.319763
0.304221
0.196379
1.59603
1.11016
0.980651
0.980651
0.129506
1.32083
3.33545