2.56718
1.55496
0.00176599
0.00176599
0.897926
0.78503
0.78503
0.114662
0.0684199
0.968112
0.586852
1.01221
2.9322
0.479739
0.479739
5.01964
1.71487
2.92687
0.552095
0.552095
2.37478
0.330051
1.12365
0.905345
0.905345
0.21831
0.25679
0.729719
0.01
0.01
0.000728805
0.000728805
0.72899
0.650725
1.87648
2.49646
0.527682
0.527682
0.175375
0.703057
3.10384
0.266479
0.266479
0.903274
1.16975
0.36697
0.579488
0.470482
0.470482
0.109006
0.957236
0.760905
2.11779
0.0881122
0.0881122
0.183401
0.271513
1.84627
0.179843
1.50927
1.94649
0.0603063
0.310119
0.310119
2.63146
1.18005
1.18005
1.76153
1.55595
0.101164
0.101164
4.39637
1.31616
1.40056