0.449774
0.449774
3.30464
1.36874
0.682422
0.682422
0.686317
0.312067
0.01
0.01
0.880722
0.880722
0.800083
0.925447
0.864291
0.427122
0.373286
0.295992
0.295992
0.0772943
0.0538351
0.22693
0.654052
0.111287
0.765339
0.0989526
1.74196
0.873276
0.423732
0.423732
3.0558
0.274882
2.20146
0.389266
0.0753999
0.0753999
0.313866
1.02932
0.2171
0.2171
1.20149
0.188522
1.16482
0.887565
0.887565
0.277253
0.19656
1.36138
0.245731
0.952204
0.660804
0.660804
1.89851
0.58114
0.867274
0.28934
0.28934
0.577934
2.27318
2.81541