1.58761
1.58761
2.5652
0.305443
0.305443
0.685531
0.990974
0.807149
0.738893
0.290047
0.290047
0.448847
0.430791
1.16968
0.628439
0.904596
1.12762
1.12762
1.5751
0.687257
0.186809
0.186809
2.23862
2.42543
0.768219
3.19365
0.0312686
0.647644
0.407957
0.407957
0.239688
0.423278
0.840778
0.840778
0.230144
0.714454
0.0554417
0.0554417
1.72994
0.6936
0.231512
0.231512
2.14967
2.35611
1.35249
1.35249
1.00363
0.0250763
0.0669304
1.03171
1.03171
0.153102
1.18481
0.158878
1.13041
1.13041
0.21328
0.230513
1.57421
0.83108
2.40529
0.0428316
0.03086
0.50541
1.63247
0.782938
0.717483
0.01
0.01
0.524329
0.524329
0.193155
0.0654548
0.411569
0.0167388
0.0167388
1.17777
0.437958
1.35192
0.240532
0.165056
0.762838