0.191754400730133056640625000000
0.352820158004760742187500000000
0.161065742373466491699218750000
0.161065742373466491699218750000
0.522110998630523681640625000000
0.701480388641357421875000000000
0.522110998630523681640625000000
0.449243634939193725585937500000
0.522110998630523681640625000000
0.358743578195571899414062500000
0.767915785312652587890625000000
0.001700674183666706085205078125
0.032579012215137481689453125000
0.003296256065368652343750000000
0.032579012215137481689453125000
0.003296256065368652343750000000
0.032579012215137481689453125000
0.003296256065368652343750000000
1.030239939689636230468750000000
0.731908023357391357421875000000
1.121770143508911132812500000000
0.731908023357391357421875000000
0.225438416004180908203125000000
0.399200260639190673828125000000
0.739413022994995117187500000000
0.084909319877624511718750000000
0.739413022994995117187500000000
0.537881970405578613281250000000
0.160774081945419311523437500000
0.070148847997188568115234375000
0.002022476866841316223144531250
0.318898558616638183593750000000
1.020318508148193359375000000000
0.629651784896850585937500000000
0.108378946781158447265625000000
0.425247043371200561523437500000
0.189720138907432556152343750000
0.870318293571472167968750000000
0.706611335277557373046875000000
0.675146579742431640625000000000
0.393093883991241455078125000000
0.703442394733428955078125000000
0.582333445549011230468750000000
0.180137336254119873046875000000
0.046019297093152999877929687500
0.402196079492568969726562500000
0.389864563941955566406250000000
0.212738022208213806152343750000
0.090826191008090972900390625000
0.212738022208213806152343750000
0.041346460580825805664062500000
0.356176763772964477539062500000
0.271046996116638183593750000000
0.353076785802841186523437500000
0.271046996116638183593750000000
0.183402851223945617675781250000
0.093192063271999359130859375000
0.310348451137542724609375000000
0.217156440019607543945312500000
0.217156440019607543945312500000
0.177126556634902954101562500000
0.047722797840833663940429687500
0.177126556634902954101562500000
0.177126556634902954101562500000
0.129403740167617797851562500000
0.129403740167617797851562500000
0.082029819488525390625000000000
0.047684382647275924682617187500
0.082029819488525390625000000000
0.082029819488525390625000000000
0.034345433115959167480468750000
0.034345433115959167480468750000
0.010935853235423564910888671875
0.031464759260416030883789062500
0.000002622604370117187500000000
0.000002622604370117187500000000
0.000002622604370117187500000000
0.000002622604370117187500000000
0.000002622604370117187500000000
0.000002622604370117187500000000
