0.638994
0.425124
0.218431
0.218431
0.206694
0.21387
7.11097
1.70384
0.465647
0.0705692
0.0570223
0.0570223
0.0135469
0.395078
0.0230053
0.326597
0.273177
0.273177
0.0534197
0.162056
1.21519
2.02973
0.519802
0.519802
1.68045
1.96522
1.96522
0.235025
1.53333
0.457139
0.578621
0.0857525
0.0201298
0.0201298
0.0656227
0.145129
0.230881
0.34774
1.6821
0.01
0.01
0.943628
0.307493
0.265279
0.265279
0.0422131
0.636136
1.31709
1.93
3.55925
2.91895
0.190316
0.0757852
0.0296251
0.0296251
0.0461602
0.11453
4.20181
4.39212
6.27679
3.53034
0.10169
0.10169
0.630987
0.732677
7.22275
2.36344
2.36344
1.62064
0.19001
0.19001
3.79407
2.0983
6.08238
1.87305
6.24383