4.85755
4.05786
2.3512
1.85803
0.423856
0.423856
0.787942
0.01
0.01
1.2118
0.646233
0.493174
1.70665
0.799692
0.203012
2.04716
0.522108
0.522108
1.52505
1.73296
0.0996485
0.0996485
1.92184
0.4001
0.4001
1.02539
0.767397
0.767397
0.658096
0.495812
1.92131
0.100179
1.54226
0.104378
0.104378
1.67855
1.78293
1.78081
0.216374
0.597698
0.87919
0.115449
0.115449
0.289598
0.405048
0.474143
1.02341
0.0668494
0.0426122
0.0426122
0.0242372
0.995627
1.06248
0.222944
1.28542
0.617183
0.728975
1.52161
0.127891
0.127891
1.0326
1.16049
0.361116
1.10997
1.74623
0.682748