0.656468629837036132812500000000
1.213330984115600585937500000000
0.331786721944808959960937500000
0.551428914070129394531250000000
0.454882234334945678710937500000
0.310255020856857299804687500000
0.235238060355186462402343750000
0.042547162622213363647460937500
0.020707845687866210937500000000
0.083627894520759582519531250000
0.035562232136726379394531250000
0.144625231623649597167968750000
0.109062999486923217773437500000
0.109062999486923217773437500000
0.109062999486923217773437500000
0.109064996242523193359375000000
0.000001996755599975585937500000
0.000001996755599975585937500000
0.000001996755599975585937500000
0.000001996755599975585937500000
0.000000000000000000000000000000
0.000001996755599975585937500000
0.000001996755599975585937500000
0.000001996755599975585937500000
0.000001996755599975585937500000
0.000001996755599975585937500000
0.000001996755599975585937500000
0.000001996755599975585937500000
