1.71063
0.142272
0.142272
1.26462
1.40689
0.303738
1.9317
1.42272
1.03037
1.03037
0.392349
0.261179
0.895236
0.895236
0.788659
1.95843
1.1403
1.35415
1.34266
0.356767
0.356767
0.36572
0.722487
0.620175
0.0114831
2.14051
0.241163
0.241163
0.150311
0.391474
0.773666
0.0342715
0.01
0.01
0.0342715
0.700179
0.73445
0.129246
0.046421
0.00600551
0.00600551
0.0404155
0.817275
0.124376
0.477288
0.477288
0.510785
0.177068
2.32952
0.315517
1.03186
1.03186
0.364774
1.39663
0.979588
2.37622
1.43396
0.972453
0.108703
2.09522
0.0716013
0.0716013
2.02362
0.0665573
1.69033
0.65758
0.0662074
0.0406585
0.0406585
0.0255489
0.482652
0.219864
0.219864
0.328995
0.108721
1.03275
0.471449
2.72956