0.063528724014759063720703125000
0.809184610843658447265625000000
1.163349151611328125000000000000
0.238796070218086242675781250000
0.654945254325866699218750000000
0.427486807107925415039062500000
0.451530218124389648437500000000
0.288999527692794799804687500000
0.152522012591361999511718750000
1.190815687179565429687500000000
0.335690170526504516601562500000
1.042730093002319335937500000000
0.981189012527465820312500000000
0.203245505690574645996093750000
0.815628051757812500000000000000
0.084375247359275817871093750000
0.777943491935729980468750000000
0.327180773019790649414062500000
0.773122251033782958984375000000
0.773122251033782958984375000000
0.734283089637756347656250000000
0.734283089637756347656250000000
0.397510468959808349609375000000
0.045902859419584274291992187500
0.097637988626956939697265625000
0.450762748718261718750000000000
0.353124767541885375976562500000
0.353124767541885375976562500000
0.182404547929763793945312500000
0.309529453516006469726562500000
0.041364159435033798217773437500
0.127124920487403869628906250000
0.000000000000000000000000000000
0.000000000000000000000000000000
