1.2155
1.2155
1.56942
0.0987534
0.0987534
2.68616
3.40346
3.60912
0.0344975
0.0344975
3.57462
1.92998
0.327597
0.0644187
0.0644187
0.263178
1.27293
1.23321
1.23321
0.367321
3.93857
0.649279
2.60737
2.94127
2.94127
0.857667
2.39098
1.20029
0.349632
0.349632
0.0475792
0.01
0.01
0.397211
0.803084
0.599234
0.962557
0.962557
0.836972
0.520105
1.95615
1.95615
0.361887
0.00370205
0.00370205
1.15099
1.15469
1.16335
0.00159421
0.0713506
1.40795
0.924518
2.00006
2.00006
2.19891
1.44369
0.0779746
0.0779746
0.423149
0.501123
0.942565
2.75528
0.524483
4.03063
1.30685
0.874905
0.874905
0.431949
0.255305
0.196353
0.13676
0.13676
0.0595933
0.197108
0.393461
1.1687
1.70149
1.81206
1.69009
1.34812
0.0679857
0.0679857
0.559262
0.0398006
0.0398006
0.587447
0.720876
0.341963
0.121975
1.45159
0.832525
4.09618
0.161275
4.25745
4.49663
0.0416606