3.60372
1.43136
0.802386
0.802386
0.628974
0.838694
1.15657
0.511523
0.274801
0.274801
0.236722
0.645051
1.11348
1.33366
7.21654
0.444833
0.444833
0.796507
1.24134
0.419103
0.01
0.01
0.342823
0.342823
1.31762
4.32902
1.78962
0.375385
0.176895
0.176895
0.19849
1.40444
0.0883787
0.0883787
0.835712
0.924091
0.855732
0.00979585
0.893321
2.68294
0.412757
3.0957
2.89377
0.0435301
3.9312
0.807026
0.807026
1.38839
0.620837
0.486725
0.433104
0.433104
0.0536203
0.134112
0.0958951
0.00029671
0.00029671
0.0339561
0.0342529
0.682479
1.47869
0.516228
0.139417
0.139417
0.041133
0.18055
1.47038
0.00736449
0.00736449
0.934187
0.941551
0.46841
1.40996
0.240965
0.831044
2.48197
0.229677
1.21955
0.886246
1.98887
1.98887
2.82858
1.21555
4.78726