4.80105
1.14842
1.14842
1.24427
2.39269
2.40836
1.41993
0.787182
0.787182
0.328129
1.11531
1.44672
2.56203
2.2584
4.79611
0.141384
0.141384
1.58114
0.317292
0.178406
0.01
0.01
0.178406
0.138886
1.17457
1.04957
0.53063
0.155631
0.155631
0.374999
0.518939
0.183692
0.679501
0.679501
0.553759
0.258599
0.230663
0.165806
0.777849
0.368928
0.368928
0.408922
1.11048
0.586802
0.560835
0.560835
0.044765
0.356023
0.356023
0.038448
0.394471
0.0757162
0.0580696
0.0580696
0.412118
0.135413
1.34918
0.371411
0.040417
0.040417
0.0739796
0.114397
0.257014
1.28437
1.4658
1.4658
0.189985
0.298998
0.520347
2.32098
0.0243162
1.40055
6.71106
9.82745
0.60562
0.60562
9.22183
3.10458