2.77527
2.15101
0.20543
0.20543
1.09503
0.404607
0.193643
0.024021
0.024021
0.169622
0.210964
0.472145
0.876752
0.380606
1.25736
0.0430977
0.208223
0.169958
0.169958
1.33872
0.642333
0.62426
0.401464
0.137869
0.137869
0.0186158
0.156484
0.227376
0.38386
1.63919
0.220568
0.220568
1.80248
0.431868
0.165368
0.165368
2.28955
0.721823
0.738853
0.0215093
0.0215093
0.2859
0.01
0.01
0.0245111
0.0245111
0.282899
1.72594
1.85429
0.0869837
0.0708224
0.0708224
0.0161613
1.19051
1.2775
0.576798
0.179059
1.88224