0.79733
0.79733
0.573066
1.00387
0.911
0.911
0.0928664
0.36653
0.40438
1.77478
0.370299
0.684863
0.684863
1.46021
2.77257
1.22656
1.22656
0.604621
1.83119
2.35156
3.3122
2.47365
2.0005
0.550744
0.550744
0.876847
0.141567
0.01
0.01
0.141567
1.28602
0.572909
0.47315
0.83855
0.870543
0.418949
0.0505809
0.0505809
1.74057
1.32306
1.23293
1.23293
0.0901386
0.468091
0.282663
1.19647
0.347855
0.347855
0.84862
0.877344
0.684894
0.42544
0.234835
0.234835
0.190605
0.0152065
0.440647
0.0196162
0.460263
0.379321
0.839584
0.575545
1.41513
1.1303
2.54543
0.213279
1.84298
0.315953