0.180193364620208740234375000000
0.086764380335807800292968750000
0.099419005215167999267578125000
0.099419005215167999267578125000
0.176623076200485229492187500000
0.374494999647140502929687500000
0.118604049086570739746093750000
0.415695101022720336914062500000
0.224265992641448974609375000000
0.080101042985916137695312500000
0.053632929921150207519531250000
0.439964205026626586914062500000
0.978475928306579589843750000000
1.589551091194152832031250000000
0.144238978624343872070312500000
0.459022194147109985351562500000
0.232269659638404846191406250000
0.358397990465164184570312500000
0.207453131675720214843750000000
1.445311903953552246093750000000
0.434498071670532226562500000000
0.159333929419517517089843750000
0.619257748126983642578125000000
1.238787531852722167968750000000
0.667323470115661621093750000000
0.637514591217041015625000000000
0.268187761306762695312500000000
0.264405697584152221679687500000
0.191714748740196228027343750000
0.027020642533898353576660156250
0.088469877839088439941406250000
0.845256865024566650390625000000
0.733524799346923828125000000000
0.525834798812866210937500000000
0.913783013820648193359375000000
0.963623166084289550781250000000
0.232240557670593261718750000000
0.438667029142379760742187500000
0.003782048821449279785156250000
0.061615198850631713867187500000
0.016580332070589065551757812500
0.380145728588104248046875000000
0.559852063655853271484375000000
0.935031414031982421875000000000
0.412330806255340576171875000000
0.111324340105056762695312500000
0.422276526689529418945312500000
0.607572972774505615234375000000
0.226620629429817199707031250000
0.159313112497329711914062500000
0.167573004961013793945312500000
0.264143288135528564453125000000
0.414037138223648071289062500000
0.328783452510833740234375000000
0.570534944534301757812500000000
0.212495982646942138671875000000
0.500146627426147460937500000000
0.500146627426147460937500000000
0.201845034956932067871093750000
0.443501591682434082031250000000
0.340765893459320068359375000000
0.184227809309959411621093750000
0.358038812875747680664062500000
0.358017116785049438476562500000
0.284296512603759765625000000000
0.042639940977096557617187500000
0.115559294819831848144531250000
0.085253663361072540283203125000
0.264918953180313110351562500000
0.264918953180313110351562500000
0.116416960954666137695312500000
0.023051580414175987243652343750
0.241656616330146789550781250000
0.114399358630180358886718750000
0.019742071628570556640625000000
0.207243010401725769042968750000
0.077790513634681701660156250000
0.221914544701576232910156250000
0.184191420674324035644531250000
0.218605026602745056152343750000
0.186306640505790710449218750000
0.186306640505790710449218750000
0.186306640505790710449218750000
0.186306640505790710449218750000
0.123718865215778350830078125000
0.156001016497611999511718750000
0.144124016165733337402343750000
0.087788738310337066650390625000
0.127257242798805236816406250000
0.127257242798805236816406250000
0.125239640474319458007812500000
0.125239640474319458007812500000
0.091002315282821655273437500000
0.099000036716461181640625000000
0.034413605928421020507812500000
0.034413605928421020507812500000
0.034413605928421020507812500000
0.034413605928421020507812500000
0.034413605928421020507812500000
0.034413605928421020507812500000
0.000021696090698242187500000000
0.000021696090698242187500000000
