0.197688579559326171875000000000
0.265091240406036376953125000000
0.079780995845794677734375000000
0.071197435259819030761718750000
0.012378325685858726501464843750
0.148568376898765563964843750000
0.600966572761535644531250000000
0.450427889823913574218750000000
0.136190056800842285156250000000
0.509800970554351806640625000000
0.136190056800842285156250000000
1.722530603408813476562500000000
0.011406943202018737792968750000
0.480399668216705322265625000000
0.011406943202018737792968750000
0.438239395618438720703125000000
0.011406943202018737792968750000
0.336486965417861938476562500000
0.078115858137607574462890625000
1.574933648109436035156250000000
0.192575871944427490234375000000
0.163257464766502380371093750000
0.177227705717086791992187500000
0.119246825575828552246093750000
0.403642117977142333984375000000
0.114459998905658721923828125000
0.683985710144042968750000000000
0.169440701603889465332031250000
0.015348158776760101318359375000
0.015348158776760101318359375000
0.252210170030593872070312500000
0.133675768971443176269531250000
0.169628113508224487304687500000
0.252268850803375244140625000000
0.451343774795532226562500000000
1.234926342964172363281250000000
0.169628113508224487304687500000
0.299807161092758178710937500000
1.242235422134399414062500000000
1.230745792388916015625000000000
0.082582056522369384765625000000
0.282751381397247314453125000000
0.030852962285280227661132812500
0.838820815086364746093750000000
0.119554042816162109375000000000
0.805328249931335449218750000000
0.399906933307647705078125000000
0.466165602207183837890625000000
0.036971990019083023071289062500
1.130147337913513183593750000000
0.261735439300537109375000000000
0.085943669080734252929687500000
0.036971990019083023071289062500
1.130147337913513183593750000000
0.895900368690490722656250000000
0.863202750682830810546875000000
0.441846013069152832031250000000
0.435559421777725219726562500000
0.441846013069152832031250000000
0.387184858322143554687500000000
0.244367673993110656738281250000
0.790346622467041015625000000000
0.441846013069152832031250000000
0.468962043523788452148437500000
0.037130795419216156005859375000
0.251843303442001342773437500000
0.476619124412536621093750000000
0.396017521619796752929687500000
0.684325695037841796875000000000
0.931013822555541992187500000000
0.197478353977203369140625000000
0.363033264875411987304687500000
0.578005433082580566406250000000
0.781969666481018066406250000000
0.727690219879150390625000000000
0.727690219879150390625000000000
0.216266423463821411132812500000
0.715710878372192382812500000000
0.475272506475448608398437500000
0.243921846151351928710937500000
0.548845887184143066406250000000
0.056973047554492950439453125000
0.548845887184143066406250000000
0.651329398155212402343750000000
0.548845887184143066406250000000
0.601152539253234863281250000000
0.430528342723846435546875000000
0.651329398155212402343750000000
0.025387763977050781250000000000
0.611055493354797363281250000000
0.594356536865234375000000000000
0.147902160882949829101562500000
0.300709217786788940429687500000
0.108701258897781372070312500000
0.530453920364379882812500000000
0.058099914342164993286132812500
0.383291155099868774414062500000
0.383291155099868774414062500000
0.472353935241699218750000000000
0.035085275769233703613281250000
0.407401233911514282226562500000
0.153562754392623901367187500000
0.213449195027351379394531250000
0.136077895760536193847656250000
0.284958511590957641601562500000
0.284958511590957641601562500000
0.253838479518890380859375000000
0.100830860435962677001953125000
0.246688157320022583007812500000
0.246688157320022583007812500000
0.032697632908821105957031250000
0.054106209427118301391601562500
0.120524719357490539550781250000
0.037346325814723968505859375000
0.081016197800636291503906250000
0.210040345788002014160156250000
0.081016197800636291503906250000
0.210040345788002014160156250000
0.203964263200759887695312500000
0.203964263200759887695312500000
0.059607617557048797607421875000
0.188631772994995117187500000000
0.079502418637275695800781250000
0.160459473729133605957031250000
0.129024133086204528808593750000
0.129024133086204528808593750000
0.129024133086204528808593750000
0.129024133086204528808593750000
0.129024133086204528808593750000
0.129024133086204528808593750000
0.110187962651252746582031250000
0.110187962651252746582031250000
0.022547097876667976379394531250
0.062053941190242767333984375000
0.102483451366424560546875000000
0.102483451366424560546875000000
0.090451061725616455078125000000
0.029488332569599151611328125000
0.022547097876667976379394531250
0.048329859972000122070312500000
0.022547097876667976379394531250
0.042108163237571716308593750000
0.080957055091857910156250000000
0.080957055091857910156250000000
0.067903965711593627929687500000
0.055383145809173583984375000000
0.079936355352401733398437500000
0.079936355352401733398437500000
0.079936355352401733398437500000
0.079936355352401733398437500000
0.060375288128852844238281250000
0.060375288128852844238281250000
0.054153598845005035400390625000
0.054153598845005035400390625000
0.024553211405873298645019531250
0.024553211405873298645019531250
0.012032389640808105468750000000
0.012032389640808105468750000000
0.012032389640808105468750000000
0.012032389640808105468750000000
0.011489581316709518432617187500
0.011489581316709518432617187500
0.000005364418029785156250000000
0.000005364418029785156250000000
0.000005364418029785156250000000
0.000005364418029785156250000000
