0.206980615854263305664062500000
1.246219158172607421875000000000
0.887482941150665283203125000000
0.216769307851791381835937500000
1.423290133476257324218750000000
0.702701151371002197265625000000
0.162920087575912475585937500000
0.251139551401138305664062500000
0.753780841827392578125000000000
0.048748567700386047363281250000
0.705032229423522949218750000000
0.236972361803054809570312500000
0.468059927225112915039062500000
0.468059927225112915039062500000
0.033309463411569595336914062500
0.152959823608398437500000000000
