0.118827
0.118827
0.225038
0.343865
2.10579
2.44965
0.127637
2.57729
0.257379
1.07201
0.534712
0.534712
0.429513
0.964225
0.0779182
0.00417489
0.00417489
1.03797
0.0298639
0.485587
1.55759
0.0852772
0.291417
0.291417
1.35145
1.1918
2.40582
1.07603
1.07603
0.455991
0.911773
0.911773
0.0277387
0.939512
0.592511
1.80385
0.761194
0.761194
0.571362
0.654345
0.654345
0.678211
2.00331
1.90462
0.689637
0.154952
0.154952
0.479836
0.0387146
0.0387146
0.596073
0.0250693
0.0474093
0.0474093
0.612447
1.01507
0.761563
0.01
0.01
0.761563
0.64481
0.782003
0.782003
0.62437
0.268557
4.2552