46 1
46 2
47 46
47 3
56 47
48 4
48 5
55 48
49 6
49 7
53 49
50 8
50 9
52 50
51 10
51 11
52 51
53 52
54 53
54 12
55 54
56 55
85 56
69 13
57 14
57 15
60 57
59 16
58 17
58 18
59 58
60 59
62 60
61 19
61 20
62 61
63 62
63 21
64 63
64 22
68 64
65 23
65 24
66 65
66 25
67 66
67 26
68 67
69 68
84 69
72 27
70 28
70 29
71 70
71 30
72 71
73 72
73 31
83 73
82 32
81 33
80 34
74 35
74 36
75 74
75 37
79 75
76 38
76 39
78 76
77 40
77 41
78 77
79 78
80 79
81 80
82 81
83 82
84 83
85 84
89 85
88 42
86 43
86 44
87 86
87 45
88 87
89 88