0.240155
0.240155
0.503415
0.74357
4.90451
0.0856929
0.0856929
2.21198
0.772383
0.772383
0.224564
0.193718
0.193718
0.10797
0.01
0.01
0.301688
0.695259
1.028
2.02495
0.272722
3.35041
2.80778
6.04347
0.1208
0.1208
0.733341
0.664705
0.241466
0.241466
0.423238
0.189435
1.73405
0.225915
0.225915
2.36228
0.343081
2.93127
1.20086
4.13213
1.30866
0.407565
0.407565
0.0193019
0.426867
1.17426
1.60112
3.83967
0.602677
1.24637
1.42151
0.227103
0.227103
0.479183
0.706286
0.715229
1.29586
2.71738
4.28413
6.93822
5.08462
1.75143
0.0571372
0.0571372
0.0277937
0.0849309
1.01382
0.0486765
0.0486765
0.714989
0.480399
0.480399
0.283266
0.335082
0.652687
3.33318
1.8536
0.0632891
0.288336
1.16601
11.0981
10.9289
0.00148207
0.00148207
0.298406
0.299888
10.629
8.62506