3.04291
3.04291
2.10739
0.17484
0.17484
4.95386
2.0167
2.0167
0.274286
0.0213656
0.0213656
1.68797e-05
0.0213825
1.9816
1.36205
0.471355
0.185925
0.185925
0.28543
0.890696
0.640933
0.288005
0.321768
0.803762
0.803762
1.80899
0.723992
2.76608
0.342941
0.342941
1.37592
0.487737
0.487737
1.23113
0.361038
0.246797
0.246797
0.472724
0.495348
0.495348
0.224173
0.892675
0.0980663
0.0980663
0.016041
0.114107
1.49809
0.467708
0.68618
0.570665
1.79195
0.0216015
3.07917
5.59432
0.971829
0.971829
0.741604
0.01
0.01
1.71343
2.23149
1.01213
1.01213
1.18674
0.523571
0.523571
1.67529
1.74606
1.64939
2.63516