47 1
47 2
48 47
48 3
54 48
51 4
50 5
49 6
49 7
50 49
51 50
53 51
52 8
52 9
53 52
54 53
91 54
63 10
55 11
55 12
62 55
57 13
56 14
56 15
57 56
61 57
59 16
58 17
58 18
59 58
60 59
60 19
61 60
62 61
63 62
67 63
66 20
65 21
64 22
64 23
65 64
66 65
67 66
80 67
76 24
69 25
68 26
68 27
69 68
70 69
70 28
71 70
71 29
72 71
72 30
75 72
74 31
73 32
73 33
74 73
75 74
76 75
79 76
78 34
77 35
77 36
78 77
79 78
80 79
90 80
85 37
81 38
81 39
84 81
82 40
82 41
83 82
83 42
84 83
85 84
89 85
88 43
87 44
86 45
86 46
87 86
88 87
89 88
90 89
91 90