0.023479
0.023479
2.1596
2.18308
2.73658
1.35247
0.96809
0.352102
0.352102
0.615988
0.384385
1.52175
1.69354
1.69354
1.18069
2.04544
1.71755
2.1421
0.519514
0.519514
1.12687
0.232861
0.112065
0.112065
0.120796
1.10968
0.48206
0.0412847
0.0412847
0.440775
0.788414
1.27047
0.0720629
0.303851
0.495713
3.56854
4.14979
3.43179
0.510745
0.510745
2.92105
0.717993
1.56085
0.190581
2.214
0.587592
0.0431898
0.0431898
0.544402
0.0898529
0.677444
0.0118274
0.689272
0.587319
1.27659
0.369309
1.10765
1.06267
1.06267
0.044985
0.538247
0.568101
0.177289
1.2076
1.2073
1.2073
0.000301248
1.18369
3.50993
0.635866
4.43532
0.748824
0.748824
0.897179
0.182608
0.182608
0.515766
0.698374
0.947629
2.78931
1.41773
0.928394
0.286567
0.01
0.01
0.286567
0.641827
4.92465
0.684042
0.100125