10.7255
0.25769
0.0345777
0.0345777
0.0431197
0.0776974
0.179992
0.33033
0.58802
0.0988456
0.151607
0.151607
0.346887
0.498494
0.188372
1.34255
2.02941
0.205817
0.473372
0.473372
0.0322552
0.0211709
0.0211709
0.484456
0.32199
0.213706
0.213706
0.613912
1.40761
8.48125
0.86468
0.86468
1.62154
0.148296
0.00785048
0.00785048
0.140445
0.981671
1.12997
0.147046
1.27701
1.20921
1.43772
2.84283
0.54313
0.54313
2.2997
1.08111
6.79253
0.00902542
0.37472
3.5339
0.01
0.01
3.5339
7.56632
1.88687
0.567203
0.567203
12.4199