0.421847
0.421847
1.53812
0.182081
0.182081
1.57262
1.56315
0.157935
0.136759
0.136759
0.021176
1.40521
0.191552
0.165049
1.51398
1.407
0.288897
0.0349176
0.0349176
0.25398
0.307237
0.596134
0.637945
0.224496
0.224496
0.266258
0.490755
0.743324
0.17292
0.106976
0.40577
0.0402222
2.90145
1.19572
1.14941
0.249093
0.249093
0.900316
0.046313
3.66569
0.658506
0.167814
0.167814
0.595282
0.439973
0.439973
0.323123
0.0306954
0.793791
1.0593
0.01
0.01
1.02577
1.02577
0.827319
0.221827
0.936357
0.468544
0.468544
0.467813
1.13856
3.445