1.84859
0.224049
0.224049
0.547557
0.0979946
0.0979946
0.673611
1.07699
1.0528
2.90139
0.655514
0.165793
0.165793
3.39111
1.44134
0.799976
0.21351
0.21351
0.586466
0.54145
0.420533
0.0864201
0.0864201
0.334113
0.415411
0.835944
0.505481
0.143999
1.48542
3.51282
0.713828
3.05268
0.650752
0.650752
2.40193
2.195
0.01
0.01
0.947429
0.854018
0.854018
0.0934107
1.01763
1.67573
1.35498
1.35498
0.320743
0.289338
0.66247
2.62753
2.37759
5.00513
0.242552
0.464396
2.36683
2.79913
2.79913
1.49188
0.186924
0.186924
0.089111
0.276035
0.889867
0.69514
0.12946
0.12946
0.56568
0.470762
0.434535
1.60044
2.69057
3.78789