1.35844
0.771824
0.771824
0.586612
0.671707
0.935609
0.511686
0.511686
0.164407
0.676093
0.259517
0.550596
1.4862
0.42144
1.90764
0.122498
8.89388
0.894692
0.198468
0.160156
0.0831992
0.0831992
0.0769564
0.0383124
0.696224
2.44264
0.861151
0.177386
0.177386
0.683765
2.47618
0.981654
0.0701797
0.0701797
0.0798601
0.15004
4.16895
0.112707
2.08306
0.01
0.01
1.50384
1.50384
0.579218
1.96248
2.26694
2.26694
0.0123114
2.27925
0.815674
3.09493
0.950604
0.386165
5.36589
0.709467
0.152009
0.152009
0.557457
8.31418
0.399557
0.399557
2.74193
1.43229
1.43229
1.70919
3.55559
0.107327
0.107327
0.746133
0.85346
0.382565
0.0175415
0.0175415
0.832468
0.399628
0.399628
0.450382
0.183026
1.03304
0.20299
3.00438
2.36514
0.810377
0.810377
1.55476
1.65969
4.02483
0.215581
2.45666
2.32658
0.773942
1.12644