0.0046075
0.0046075
5.8219
1.59694
1.59694
3.83079
0.322516
0.322516
5.10521
0.398773
0.176853
1.06132
0.310282
0.310282
0.265629
0.575911
0.307709
0.88362
0.177703
4.72297
2.32355
2.32355
2.71432
4.12755
2.68608
1.5473
1.5473
1.13878
1.44147
0.453167
1.49853
1.49853
3.08218
0.457153
0.256745
1.12662
1.12662
0.805813
1.93244
0.831768
0.0293925
0.0293925
0.95343
0.109786
0.109786
0.873037
1.78138
2.53041
0.0003329
0.628607
0.486198
0.486198
0.142409
0.658935
1.28754
0.91367
0.0300794
0.0300794
2.17113
0.19885
0.594429
0.2315
0.2315
0.362929
0.122553
0.716982
1.68308
2.07326
0.718518
0.718518
0.11768
0.836198
2.51785
1.33735
0.360431
0.360431
0.976919
2.0167
0.0929155
1.15852
1.08947
0.01
0.01
1.08947
0.0690521
0.635279
1.7938
1.65316
1.02637
0.821621
0.489346
0.219063