0.736988425254821777343750000000
1.057943582534790039062500000000
0.290611803531646728515625000000
1.263011813163757324218750000000
0.377070754766464233398437500000
0.972400009632110595703125000000
0.291251271963119506835937500000
0.104011900722980499267578125000
0.138058304786682128906250000000
0.474663376808166503906250000000
0.353259116411209106445312500000
0.037662502378225326538085937500
0.011518571525812149047851562500
0.315596610307693481445312500000
0.304078012704849243164062500000
0.084653742611408233642578125000
0.304078012704849243164062500000
0.304078012704849243164062500000
0.016653973609209060668945312500
0.016653973609209060668945312500
0.000000000000000000000000000000
0.000000000000000000000000000000
0.000000000000000000000000000000
0.000000000000000000000000000000
