1.67799
1.67799
6.38096
0.849451
0.849451
0.331966
1.18142
1.02768
1.79033
0.169228
0.169228
1.6211
0.418764
5.84986
14.0183
1.17375
1.17375
1.86995
1.06487
1.06487
0.679796
1.74467
1.29904
19.0336
0.778203
0.52741
0.440086
0.440086
0.0873235
1.42152
1.94893
1.11193
0.786924
0.0594253
0.0594253
0.727499
2.27394
5.08595
0.912843
0.0897258
0.0897258
0.823118
0.0603417
0.973185
1.52716
2.50035
5.64647
3.22195
0.01
0.01
0.105111
0.105111
0.164674
0.163182
0.163182
0.106603
3.35299
0.919601
0.919601
2.70317
3.24765
6.87042
4.49835
0.916919
0.103381
0.103381
0.203565
0.306946
0.535447
0.842393
0.0889076
0.931301
1.63446
0.110709
0.110709
2.45506
0.879759
0.454327
0.454327
2.9912
8.84017
10.5698