0.0810795
0.0810795
1.26229
1.34337
4.07427
0.766477
0.368157
0.368157
0.299889
0.398474
0.274715
0.274715
0.123759
0.269573
0.0984309
1.42164
1.43554
0.14765
0.14765
0.801861
0.949511
0.163169
1.11268
0.322859
0.218698
1.65424
0.533885
0.163278
1.08342
0.0521478
0.0521478
1.03127
0.605559
1.68898
0.614726
2.3037
0.0476956
0.0869908
0.0401542
0.0401542
2.39824
0.997397
1.16619
1.14345
1.14345
0.0227361
2.2696
0.93055
1.49539
1.49539
0.15888
0.01
0.01
1.65427
2.71207
0.401081
0.029314
0.029314
0.749582
0.127459
0.127459
0.651437
0.713186
1.49208
1.73883
3.23092
1.5365
0.650221