0.162034
0.162034
2.01309
2.17513
2.0459
0.562498
0.562498
0.923301
0.191981
0.191981
1.29382
2.73523
0.0383896
4.25942
1.87554
1.75129
0.31161
0.31161
0.0112573
0.322867
0.81105
0.806402
0.806402
0.327516
0.162758
0.0357327
0.0357327
1.18239
1.02714
1.02714
0.190978
0.0785565
0.454613
1.36222
1.95613
1.95613
1.15738
1.9397
1.1787
0.449566
0.449566
0.712643
0.21208
0.21208
0.936271
1.08366
1.08366
0.0646894
0.0138576
0.0164898
0.839595
0.01
0.01
0.187674
0.187674
0.215573
0.403247
1.61505
1.29295
0.273137
0.260073
0.260073
0.0130641
2.06428
1.5341
1.5341
0.803317
0.680648
0.737048
0.737048
2.28102
0.293176
1.74196
1.08175