3.6971
0.180519
0.180519
0.995022
1.17554
1.5995
2.77504
0.922054
4.11545
7.81255
5.27314
1.23347
0.860006
0.128794
0.128794
0.731212
0.37346
0.11381
1.34728
1.26256
0.770703
0.370468
0.095041
0.095041
0.275427
0.400235
1.83913
1.98882
0.740392
0.162484
0.162484
0.577907
3.85826
2.58395
0.391077
0.391077
0.871975
0.297705
0.297705
0.174426
0.472131
0.378436
0.850567
0.412486
3.4174
4.68045
1.34339
0.01
0.01
6.02383
1.15877
3.41759
3.69781
3.37253
0.725613
0.0202007
0.0202007
0.705413
2.4737
0.167187
0.167187
0.835177
0.396864
0.396864
0.605501
0.730085
0.856607
0.0544405
0.0544405
0.660259
0.7147
0.141907
0.875842
1.46686
0.173219
0.325283
1.27119
0.0918607
0.0918607
4.87715
5.63118
2.4855