49 1
48 2
48 3
49 48
73 49
61 4
51 5
50 6
50 7
51 50
53 51
52 8
52 9
53 52
55 53
54 10
54 11
55 54
60 55
56 12
56 13
59 56
58 14
57 15
57 16
58 57
59 58
60 59
61 60
72 61
62 17
62 18
66 62
63 19
63 20
65 63
64 21
64 22
65 64
66 65
71 66
68 23
67 24
67 25
68 67
70 68
69 26
69 27
70 69
71 70
72 71
73 72
93 73
74 28
74 29
79 74
75 30
75 31
76 75
76 32
77 76
77 33
78 77
78 34
79 78
88 79
80 35
80 36
87 80
81 37
81 38
82 81
82 39
86 82
85 40
84 41
83 42
83 43
84 83
85 84
86 85
87 86
88 87
92 88
91 44
89 45
89 46
90 89
90 47
91 90
92 91
93 92