0.187800049781799316406250000000
0.863421440124511718750000000000
0.287901043891906738281250000000
0.728014290332794189453125000000
0.085717648267745971679687500000
0.813291668891906738281250000000
0.190184146165847778320312500000
0.421015977859497070312500000000
0.414320647716522216796875000000
0.214411020278930664062500000000
0.090633958578109741210937500000
0.836449861526489257812500000000
0.200120329856872558593750000000
0.296189188957214355468750000000
0.340351015329360961914062500000
0.340351015329360961914062500000
0.323286890983581542968750000000
0.241277784109115600585937500000
