0.376533
0.376533
2.08698
0.578106
0.578106
0.291698
0.869804
0.591628
1.1954
1.1954
0.266036
0.883873
0.01
0.01
0.0556756
0.0556756
2.28963
0.118203
3.29634
0.0814967
0.0814967
1.04105
1.12254
0.163537
0.723042
0.298927
0.298927
0.424115
0.563038
0.646948
0.200779
0.00135141
0.00135141
0.199428
1.33618
1.06017
1.06017
0.2584
0.909411
0.909411
0.409156
0.218393
0.396068
1.48654
1.56413
0.924477
0.924477
0.639652
0.463754
1.32363
1.32363
0.704248
0.458585
1.18992
0.742173
0.742173
0.447749
1.29655
0.933102
2.34027
1.56524
2.07879
0.923874
0.607615
0.607615
0.316259
1.15492
5.24629
1.18702
0.435354
0.435354
1.27951
0.149636
0.149636
1.56523
6.6438
0.475006
0.0956197
0.0956197
0.379386
1.62603
2.10104
0.936283
0.267914
0.267914
2.76941
2.78723
2.36954
2.36954
2.39572
0.794044
0.794044
3.97122
1.05929
1.9165
7.74105
0.617612
0.153442