51 1
51 2
59 51
52 3
52 4
53 52
53 5
55 53
54 6
54 7
55 54
58 55
56 8
56 9
57 56
57 10
58 57
59 58
80 59
60 11
60 12
61 60
61 13
64 61
63 14
62 15
62 16
63 62
64 63
71 64
66 17
65 18
65 19
66 65
70 66
67 20
67 21
69 67
68 22
68 23
69 68
70 69
71 70
79 71
73 24
72 25
72 26
73 72
75 73
74 27
74 28
75 74
78 75
77 29
76 30
76 31
77 76
78 77
79 78
80 79
84 80
83 32
82 33
81 34
81 35
82 81
83 82
84 83
99 84
85 36
85 37
87 85
86 38
86 39
87 86
98 87
89 40
88 41
88 42
89 88
90 89
90 43
92 90
91 44
91 45
92 91
96 92
93 46
93 47
95 93
94 48
94 49
95 94
96 95
97 96
97 50
98 97
99 98