50 1
50 2
51 50
51 3
54 51
52 4
52 5
53 52
53 6
54 53
57 54
56 7
55 8
55 9
56 55
57 56
97 57
96 10
59 11
58 12
58 13
59 58
61 59
60 14
60 15
61 60
67 61
63 16
62 17
62 18
63 62
66 63
64 19
64 20
65 64
65 21
66 65
67 66
68 67
68 22
70 68
69 23
69 24
70 69
91 70
90 25
71 26
71 27
72 71
72 28
75 72
73 29
73 30
74 73
74 31
75 74
76 75
76 32
89 76
82 33
81 34
77 35
77 36
80 77
79 37
78 38
78 39
79 78
80 79
81 80
82 81
88 82
87 40
83 41
83 42
86 83
84 43
84 44
85 84
85 45
86 85
87 86
88 87
89 88
90 89
91 90
95 91
92 46
92 47
93 92
93 48
94 93
94 49
95 94
96 95
97 96