1.72914
0.493609
0.493609
1.23553
1.04861
0.319662
0.319662
0.276759
0.596421
2.18133
5.95333
0.183581
0.183581
8.5475
1.70718
1.44208
0.38084
0.38084
0.0347195
0.415559
0.460803
0.331152
0.0975204
0.014398
0.014398
0.0831224
0.19666
0.29418
0.0369724
0.0943133
0.17893
0.17893
0.246536
0.450897
0.337213
0.409513
0.0558544
0.0558544
0.204952
0.260806
0.148707
0.804062
0.228508
8.99618
0.899394
0.510933
0.01
0.01
0.510933
3.67702
0.878989
0.372572
0.128663
0.128663
0.243909
0.506417
1.50636
0.493772
0.381637
0.027203
0.027203
0.176414
0.203617
0.17802
0.112135
0.802191
1.29596
1.08938
1.57993
3.96527
0.222681
7.1497