46 1
46 2
52 46
47 3
47 4
48 47
48 5
49 48
49 6
50 49
50 7
51 50
51 8
52 51
55 52
53 9
53 10
54 53
54 11
55 54
80 55
60 12
56 13
56 14
57 56
57 15
58 57
58 16
59 58
59 17
60 59
63 60
62 18
61 19
61 20
62 61
63 62
79 63
65 21
64 22
64 23
65 64
78 65
66 24
66 25
74 66
68 26
67 27
67 28
68 67
73 68
72 29
71 30
70 31
69 32
69 33
70 69
71 70
72 71
73 72
74 73
77 74
75 34
75 35
76 75
76 36
77 76
78 77
79 78
80 79
89 80
83 37
81 38
81 39
82 81
82 40
83 82
86 83
85 41
84 42
84 43
85 84
86 85
88 86
87 44
87 45
88 87
89 88