0.644712
0.644712
1.99705
1.01002
0.522477
0.125184
0.125184
0.397293
0.487543
1.05543
2.06545
0.576316
0.467019
0.728917
0.728917
2.37986
4.07175
7.18053
0.123077
0.701512
0.701512
0.399282
0.580549
0.580549
0.520245
5.30339
0.00426442
0.00426442
0.517306
0.157429
0.157429
0.364141
5.18714
0.282496
0.282496
3.67503
0.10517
0.10517
2.22901
0.00275107
0.00275107
0.504357
0.507108
1.82708
1.62335
1.75118
0.695481
0.899419
0.0921227
2.00072
2.00072
2.41006
1.09083
1.09083
0.291314
0.01
0.01
1.38215
3.02864
0.330761
0.0489197
0.0489197
0.410682
0.459602
0.468027
0.927628
3.81391
2.15695
5.61749
0.821412
0.821412
0.753753
1.57516
4.04233
1.281
0.49724
0.199233
0.433279
0.404989
0.404989
0.0282901
2.1271
0.590841
0.590841
1.90777
2.03717
0.785839
0.785839
1.16927
0.0338699
0.0338699
1.52607
1.55994
0.395174
0.0820535
0.46144
0.0617748
5.03458