45 1
45 2
48 45
47 3
46 4
46 5
47 46
48 47
52 48
49 6
49 7
51 49
50 8
50 9
51 50
52 51
53 52
53 10
55 53
54 11
54 12
55 54
60 55
56 13
56 14
59 56
57 15
57 16
58 57
58 17
59 58
60 59
87 60
61 18
61 19
64 61
63 20
62 21
62 22
63 62
64 63
77 64
65 23
65 24
70 65
66 25
66 26
68 66
67 27
67 28
68 67
69 68
69 29
70 69
76 70
74 30
72 31
71 32
71 33
72 71
73 72
73 34
74 73
75 74
75 35
76 75
77 76
79 77
78 36
78 37
79 78
84 79
81 38
80 39
80 40
81 80
82 81
82 41
83 82
83 42
84 83
86 84
85 43
85 44
86 85
87 86