0.203112
0.203112
4.55811
0.426896
0.426896
3.39758
1.65528
1.65528
0.307521
0.965519
0.965519
0.997285
1.86167
0.936748
1.70523
6.46645
1.63401
0.76258
0.76258
6.49969
3.67665
0.467578
0.234212
0.234212
0.233366
3.20907
1.57068
1.10093
1.10093
4.14639
2.01494
0.559377
1.9605
1.24569
1.24569
0.714809
2.8806
0.547319
0.547319
0.723338
1.27066
0.779233
2.04989
0.790392
0.01
0.01
1.78402
1.78402
1.05626
0.933477
2.69042
1.85866
1.19758
0.0641619
0.0641619
1.13342
0.661081
0.83176
1.08334
1.06735
2.98054
0.278822
1.56407
2.3597
0.751819
0.168856
0.163361
0.072981
0.072981
0.0903796
0.005495
0.0460969
0.214952
0.53041
0.745362
0.00645681
1.60788
0.481723
2.84142
2.26984
3.76993
3.76993
1.34134
4.55327
7.75075
0.341427
0.341427
17.0739
0.102834
2.28893
0.93888
0.443743
0.443743
0.495136
1.35005
15.2292