1.46579
0.162862
0.162862
0.128049
0.290911
1.17488
0.732454
0.150054
0.150054
2.04819
1.07569
3.27394
1.63196
0.0612117
0.0612117
1.19384
1.1453
1.1453
0.109745
2.64889
3.56925
1.48076
1.48076
0.452954
0.626887
0.626887
1.30683
0.661993
0.182838
0.0376206
0.0376206
0.145217
0.534588
0.064668
0.064668
0.652758
0.477049
0.01
0.01
0.347071
0.347071
0.847404
1.37198
2.56645
0.0292569
0.973541
0.334683
0.62715
0.708976
0.340652
0.340652
0.368324
0.440896
0.252641
0.252641
0.897231
2.18334
3.33321
1.19788
0.374814
0.519145
0.248963
0.248963
4.38557
0.664102
0.664102
1.12582
1.78992
0.65452
0.0285348
0.0285348
1.05173
1.08026
1.36418
2.19009
0.790514