0.070261515676975250244140625000
1.283021688461303710937500000000
0.193615630269050598144531250000
0.706820249557495117187500000000
0.070385567843914031982421875000
0.523362815380096435546875000000
0.451235443353652954101562500000
0.452977210283279418945312500000
0.010158196091651916503906250000
0.010158196091651916503906250000
0.001741811633110046386718750000
0.001741766929626464843750000000
0.000000044703483581542968750000
0.000000044703483581542968750000
0.000000044703483581542968750000
0.000000044703483581542968750000
