0.498706
0.498706
9.1203
0.661586
0.661586
5.96842
4.81806
1.12699
0.6827
0.6827
0.444289
1.04946
1.54136
1.54136
0.635095
0.167361
0.2394
0.146378
0.146378
0.093022
1.00558
0.963009
0.545638
0.545638
0.417371
0.281975
0.113666
0.179513
0.179513
0.770966
0.01
0.01
0.7014
0.7014
0.249079
0.408172
0.985164
2.47425
1.81194
1.37596
1.32807
0.936675
0.0852867
0.0601321
0.0601321
0.0251545
0.851388
0.391397
0.90225
0.687211
0.687211
0.608483
0.0935354
0.0935354
0.602669
0.696204
0.59949
0.934628
1.48073
1.0884
0.955477
0.955477
0.132927
2.62265
0.0376822
0.725618
0.449655
0.383143
0.383143
0.0665127
0.275963
3.02312
4.25723
1.61304