48 1
46 2
46 3
47 46
47 4
48 47
57 48
50 5
49 6
49 7
50 49
51 50
51 8
56 51
53 9
52 10
52 11
53 52
55 53
54 12
54 13
55 54
56 55
57 56
61 57
58 14
58 15
60 58
59 16
59 17
60 59
61 60
89 61
62 18
62 19
63 62
63 20
72 63
66 21
64 22
64 23
65 64
65 24
66 65
71 66
68 25
67 26
67 27
68 67
70 68
69 28
69 29
70 69
71 70
72 71
73 72
73 30
84 73
74 31
74 32
77 74
76 33
75 34
75 35
76 75
77 76
83 77
79 36
78 37
78 38
79 78
82 79
80 39
80 40
81 80
81 41
82 81
83 82
84 83
88 84
87 42
85 43
85 44
86 85
86 45
87 86
88 87
89 88