3.01501
1.64991
1.64991
1.15175
2.80166
0.21335
2.11428
0.529411
0.405117
0.405117
0.124294
0.024797
0.554208
4.33329
1.89965
0.183383
0.183383
1.71627
0.00702459
0.208493
0.208493
1.69818
2.98082
0.241799
1.41629
0.276687
0.276687
0.0504325
0.284091
0.284091
0.0430284
6.21847
0.733283
0.0253715
0.0253715
2.06725
2.09262
2.75107
1.87314
0.12143
0.12143
0.917526
1.03896
0.834188
0.819736
0.219682
0.0767892
0.0767892
0.142893
0.754964
0.930134
0.930134
0.0445125
1.71823
2.15081
0.160473
5.00417
1.40825
0.0023424
0.0023424
3.09317
1.3585
0.484855
0.484855
0.873646
1.73701
0.262187
0.403672
0.102263
0.102263
0.301409
1.79518
0.01
0.01
0.45723
0.45723
1.74162
1.15884
3.05471
0.153321
0.894412
0.0857505
0.0857505
0.128938
0.214688
0.679724
5.67132
0.713136