0.01
0.01
3.62934
0.527857
0.527857
0.83419
0.131169
0.131169
0.888473
1.01964
0.342405
2.26729
0.959971
0.149666
0.149666
4.43965
0.434072
5.02339
4.92605
0.0581916
0.0581916
4.0084
0.883706
0.883706
0.133277
1.01698
3.04961
0.175152
0.00673875
0.00673875
4.235
5.70769
0.824741
0.688761
0.688761
4.16737
4.85613
0.224195
0.329051
0.329051
0.742452
0.0863283
0.0863283
0.985174
1.03897
0.316034
0.316034
0.187786
0.427505
0.427505
0.0763145
0.547699
0.476756
0.476756
0.574762
1.05895
0.313599
0.850628
0.850628
1.57344
1.18492
0.876009
0.876009
0.138344
1.01435
2.15351
0.0752135
0.0752135
2.36583
2.44104
0.72682
0.44113
1.47133
5.69385