0.01
0.01
0.218411
0.218411
0.837334
1.05575
0.0273326
1.02654
1.02654
0.056538
2.86564
1.66486
0.511053
0.511053
1.02582
0.946174
0.618413
0.618413
0.327761
0.590698
0.127988
2.28385
1.34676
0.314598
0.314598
1.95763
1.34813
0.0203172
0.0203172
1.32781
0.924098
0.356537
0.838412
0.0513628
0.0513628
0.787049
1.39052
2.22893
0.399833
2.66671
0.51739
3.53368
1.26134
0.211353
0.211353
0.312903
0.524255
0.73708
2.27235
2.27918
2.63209
0.109026
0.109026
1.86315
0.609373
0.609373
0.698616
1.30799
0.0313566
1.33935
0.632833
0.908799
0.777698
0.0440682
0.0440682
0.733629
2.10328
5.56397