54 1
50 2
49 3
48 4
47 5
47 6
48 47
49 48
50 49
53 50
51 7
51 8
52 51
52 9
53 52
54 53
91 54
55 10
55 11
56 55
56 12
57 56
57 13
82 57
58 14
58 15
60 58
59 16
59 17
60 59
62 60
61 18
61 19
62 61
65 62
64 20
63 21
63 22
64 63
65 64
68 65
66 23
66 24
67 66
67 25
68 67
81 68
69 26
69 27
77 69
71 28
70 29
70 30
71 70
74 71
72 31
72 32
73 72
73 33
74 73
76 74
75 34
75 35
76 75
77 76
80 77
79 36
78 37
78 38
79 78
80 79
81 80
82 81
90 82
83 39
83 40
84 83
84 41
86 84
85 42
85 43
86 85
87 86
87 44
89 87
88 45
88 46
89 88
90 89
91 90