1.321642160415649414062500000000
0.472263157367706298828125000000
1.437165975570678710937500000000
0.192501932382583618164062500000
1.179948568344116210937500000000
0.142116382718086242675781250000
0.678357899188995361328125000000
0.678357899188995361328125000000
0.155286461114883422851562500000
0.155286461114883422851562500000
0.090570986270904541015625000000
0.090570986270904541015625000000
0.000000000000000000000000000000
0.000000000000000000000000000000
0.000000000000000000000000000000
0.000000000000000000000000000000
0.000000000000000000000000000000
0.000000000000000000000000000000
0.000000000000000000000000000000
0.000000000000000000000000000000
