3.5672
0.427115
0.427115
2.84057
1.84816
0.206056
0.206056
1.6421
0.573827
0.366599
0.366599
1.47633
1.84293
0.471041
0.0637739
0.0637739
1.56619
1.15432
0.793455
0.151186
0.0613634
0.01
0.01
0.0613634
0.0898229
0.401198
0.552384
0.241071
0.360864
0.47564
0.684006
0.108017
0.845698
0.151832
0.431352
0.431352
0.714784
0.998359
0.998359
0.147777
0.028298
1.17443
0.0907738
0.117998
0.117998
0.144823
0.262821
0.299036
0.197015
0.197015
0.364842
0.45513
0.457321
0.457321
0.559666
0.248221
0.544331
0.003489
0.003489
1.80605
0.261149
0.382581
0.382581
1.68811
0.518369
0.855652
0.855652
1.7334
0.830457
0.147683