48 1
48 2
65 48
49 3
49 4
50 49
50 5
64 50
53 6
51 7
51 8
52 51
52 9
53 52
58 53
54 10
54 11
57 54
55 12
55 13
56 55
56 14
57 56
58 57
60 58
59 15
59 16
60 59
63 60
62 17
61 18
61 19
62 61
63 62
64 63
65 64
71 65
68 20
67 21
66 22
66 23
67 66
68 67
70 68
69 24
69 25
70 69
71 70
93 71
74 26
73 27
72 28
72 29
73 72
74 73
92 74
75 30
75 31
80 75
79 32
77 33
76 34
76 35
77 76
78 77
78 36
79 78
80 79
91 80
84 37
83 38
81 39
81 40
82 81
82 41
83 82
84 83
90 84
86 42
85 43
85 44
86 85
89 86
88 45
87 46
87 47
88 87
89 88
90 89
91 90
92 91
93 92