0.432645
0.432645
1.64946
0.01
0.01
0.396655
0.396655
1.61698
0.597631
0.0574441
0.0574441
0.354519
0.411963
0.185668
0.688881
0.281492
0.281492
0.774229
0.0739677
0.0739677
0.105667
0.179635
0.876087
0.230791
0.151095
0.817162
0.817162
0.620445
0.167059
0.261859
0.18483
0.18483
0.0770296
1.34281
0.408971
0.068466
0.252722
0.470787
0.342431
0.0890533
0.0890533
0.253377
0.128357
0.0234824
0.435291
0.435291
0.0589785
1.84055
2.17743
1.49713
1.06139
0.0340307
0.0340307
1.02736
0.435737
1.9043
0.0120221
0.0120221
2.09119
0.536096
0.059945
0.0216366
0.0216366
0.0383084
0.156623
0.216568
0.319527
1.56712
1.10473
1.75369
0.50104
0.108257
0.108257
0.234595
0.342852
0.158188
1.25265
1.05657
0.464363
0.301245
0.301245
0.163118
0.939308
0.179002
0.0222962
0.0222962
0.156706
1.22467
1.40659
0.397684
0.193489
1.11082