0.244757
0.167735
0.167735
0.0770219
1.18001
0.01
0.01
1.42477
1.19999
0.0280677
0.0280677
2.41644
2.44451
0.18025
0.492179
0.302706
0.302706
1.51759
0.822566
0.822566
0.939499
1.76206
0.0582277
0.682786
1.36432
0.546963
0.546963
0.817354
1.13876
0.613857
1.78311
1.57314
0.135125
0.135125
1.43801
0.627853
0.223095
0.223095
1.9779
1.26646
1.21401
0.150031
0.150031
1.06398
0.229407
0.0343428
0.0343428
1.40908
2.02403
1.4326
0.675738
0.09703
0.09703
0.792627
0.48166
0.0290772
0.0290772
0.452583
0.407997
0.0160881
0.905745
0.62577
0.743855
0.113386
0.113386
0.344065
0.457451
0.286404
0.787659
0.635924
2.16744
3.40835