1.9833
1.9833
2.93772
1.49284
0.250326
0.250326
1.24251
1.99361
0.837652
0.837652
2.64879
0.0217074
0.920522
0.920522
1.49492
1.7464
1.26786
1.26786
0.478543
0.669035
1.09271
0.051463
1.76048
1.76048
0.103359
0.4001
0.4001
0.835441
1.23554
0.628299
1.69578
1.36141
0.917348
0.00246125
0.00246125
0.569398
0.57186
1.88435
0.01
0.01
1.38964
1.38964
0.463037
1.85268
0.265945
2.11862
0.337592
0.0333642
0.364551
0.364551
2.12503
1.26437
0.0179442
0.0179442
0.684387
0.702332
0.284331
0.634555
0.0990734
0.0361108
0.0361108
0.0629626
0.322446
0.421519
0.213035
0.352107
1.09387
2.08053
1.67342
1.81554
0.544453
0.544453
5.02503
0.268886
0.903247
0.56897
0.00688738
0.00688738
0.512318
0.519205
0.0497651
6.17265