0.245469927787780761718750000000
1.466166734695434570312500000000
0.793827474117279052734375000000
0.133643090724945068359375000000
0.599253892898559570312500000000
0.108323194086551666259765625000
0.492694705724716186523437500000
0.459016859531402587890625000000
0.466495960950851440429687500000
0.099437758326530456542968750000
0.450998216867446899414062500000
0.417389512062072753906250000000
0.377118229866027832031250000000
0.015631437301635742187500000000
0.006596589460968971252441406250
0.033608697354793548583984375000
0.295691311359405517578125000000
0.233582690358161926269531250000
0.002883225679397583007812500000
0.002883225679397583007812500000
0.122402675449848175048828125000
0.029936943203210830688476562500
0.035574011504650115966796875000
0.147880509495735168457031250000
0.533833265304565429687500000000
0.139133602380752563476562500000
0.098273791372776031494140625000
0.199974000453948974609375000000
0.098273791372776031494140625000
0.199974000453948974609375000000
0.498259246349334716796875000000
0.498259246349334716796875000000
0.411430031061172485351562500000
0.128452137112617492675781250000
0.411430567502975463867187500000
0.316596865653991699218750000000
0.083549983799457550048828125000
0.411430567502975463867187500000
0.385952740907669067382812500000
0.169618338346481323242187500000
0.309730350971221923828125000000
0.309730350971221923828125000000
0.309730350971221923828125000000
0.309730350971221923828125000000
0.309730350971221923828125000000
0.309730350971221923828125000000
0.253355622291564941406250000000
0.282978415489196777343750000000
0.247621729969978332519531250000
0.247621729969978332519531250000
0.216334402561187744140625000000
0.216334402561187744140625000000
0.000000536441802978515625000000
0.000000536441802978515625000000
