0.0741914
0.0686998
0.0686998
0.00549169
0.549111
0.507723
0.507723
0.11558
1.4042
2.02751
4.82615
0.677736
0.074311
0.074311
0.41984
0.335419
0.335419
0.158732
0.183585
0.649445
0.519124
0.01
0.01
0.519124
0.808057
0.887522
0.159472
0.159472
0.0400843
0.199556
1.83978
1.4094
1.4094
0.259045
1.1958
0.914345
0.914345
0.281455
0.0251018
1.2209
0.447544
0.370894
0.175363
3.01447
0.209637
0.209637
5.01954
0.293415
3.27779
1.70942
1.70942
0.273494
1.98291
1.29488
1.50776
0.329679
0.0802477
0.0802477
0.249431
0.0932802
0.113479
0.113479
0.30948
0.583833
0.858255
0.360589
0.360589
0.497666
0.148538
0.747329
1.75412
3.03143
0.73704
1.33107