1.59936
1.59936
3.5537
5.15306
0.0231582
0.310906
0.0877169
0.0877169
0.223189
1.36651
1.67742
3.4988
5.8987
0.830345
0.830345
10.2446
7.42028
0.595964
0.595964
16.962
0.01
0.01
0.432988
0.432988
3.0488
3.28704
1.39451
1.39451
1.89253
0.194739
2.33529
0.843267
0.843267
0.836937
0.602823
0.602823
1.07738
0.728998
0.409346
0.409346
1.99986
3.40787
1.20342
0.11431
0.11431
0.340244
0.454554
1.17676
1.33215
0.104942
0.104942
1.19242
1.07931
1.07931
0.21805
0.0347872
0.299171
1.02382
0.761986
0.0437143
0.0437143
0.718271
1.82583
1.06684
0.275863
0.275863
0.0223737
0.230517
0.230517
0.0677196
0.674667
0.0927629
0.0927629
0.216396
0.309158
0.663745
0.0939409
0.189634
1.25648
1.33133
0.0673222
3.77373
6.25138
4.68868
4.68868
1.5627
0.177483
0.591629
10.5375
0.937186