47 1
47 2
48 47
48 3
52 48
50 4
49 5
49 6
50 49
51 50
51 7
52 51
54 52
53 8
53 9
54 53
91 54
55 10
55 11
90 55
56 12
56 13
57 56
57 14
60 57
59 15
58 16
58 17
59 58
60 59
66 60
61 18
61 19
63 61
62 20
62 21
63 62
65 63
64 22
64 23
65 64
66 65
89 66
67 24
67 25
68 67
68 26
73 68
72 27
69 28
69 29
71 69
70 30
70 31
71 70
72 71
73 72
85 73
75 32
74 33
74 34
75 74
84 75
82 35
76 36
76 37
78 76
77 38
77 39
78 77
81 78
79 40
79 41
80 79
80 42
81 80
82 81
83 82
83 43
84 83
85 84
88 85
87 44
86 45
86 46
87 86
88 87
89 88
90 89
91 90