1.52893
1.15796
1.03135
1.03135
0.126605
0.370969
0.676185
2.20511
0.78108
1.2205
0.233578
0.233578
0.986924
1.76569
1.20017
4.18636
4.68212
1.49186
0.084386
0.084386
1.40747
7.37663
0.0259089
2.6637
1.4256
0.852061
0.852061
0.573536
0.888758
0.860383
0.113164
0.01
0.01
0.113164
0.747219
0.304893
0.0278289
0.0278289
1.13745
1.14908
0.34935
2.3162
0.0524772
0.0524772
0.0329257
0.0854029
0.877717
0.910308
0.910308
0.0528117
0.584817
1.54794
2.78358
1.22538
1.22538
3.10614
0.648391
1.43424
1.15173
0.803556
0.803556
0.348176
0.426367
0.106237
0.106237
1.47186
4.26945
0.827249
0.827249
2.65105
0.883461
0.482593
0.199266
0.199266
0.283327
0.400868
1.31822
0.383494
0.040133
0.040133
0.343361
1.81819
1.24227
3.44395
0.0343522
2.36925
0.566595
2.48025
0.990761
9.88515