5.58231
0.313344
0.313344
1.52962
1.84296
2.90735
1.4287
0.996768
0.996768
0.431934
0.0451592
0.00205332
0.00205332
0.394904
0.396957
1.04149
0.584264
0.584264
0.854187
0.0354091
0.617959
0.673461
0.673461
1.41836
0.572594
0.713308
0.713308
1.63934
2.35265
0.246475
1.4842
1.4842
1.11492
0.0652933
1.46279
0.00174999
0.00174999
0.0791966
0.0520118
0.0520118
0.0289348
1.74436
0.463471
0.463471
1.14353
0.753796
0.753796
0.425331
1.17913
0.427872
0.218312
0.120802
0.503231
0.503231
1.44288
1.79902
2.39127
2.39127
1.35386
0.382069
0.623115
0.831998
0.142976
0.0778005
0.0778005
0.267212
0.345012
1.13424
0.01
0.01
1.47925
1.97179
0.179104
0.179104
3.27194
0.337799
2.20031
1.19438
1.19438
1.00593
1.58853
1.93645