0.186841383576393127441406250000
0.353378713130950927734375000000
0.448617398738861083984375000000
1.126895189285278320312500000000
0.745962381362915039062500000000
0.324565440416336059570312500000
1.322055816650390625000000000000
0.498156309127807617187500000000
0.055986896157264709472656250000
0.823899567127227783203125000000
0.686263442039489746093750000000
0.686263442039489746093750000000
0.000000000000000000000000000000
0.000000000000000000000000000000
0.000000000000000000000000000000
0.000000000000000000000000000000
0.000000000000000000000000000000
0.000000000000000000000000000000
0.000000000000000000000000000000
0.000000000000000000000000000000
