0.147805094718933105468750000000
0.485166460275650024414062500000
0.257591694593429565429687500000
0.337361365556716918945312500000
0.079769656062126159667968750000
0.011748540215194225311279296875
0.405748307704925537109375000000
0.042973399162292480468750000000
0.371481686830520629882812500000
0.042973399162292480468750000000
0.465952008962631225585937500000
0.042973399162292480468750000000
0.001381589099764823913574218750
0.024901386350393295288085937500
0.001381589099764823913574218750
0.353960037231445312500000000000
0.001381589099764823913574218750
0.353960037231445312500000000000
0.492186516523361206054687500000
1.470478653907775878906250000000
0.077754713594913482666015625000
1.219700574874877929687500000000
0.069766186177730560302734375000
0.419503897428512573242187500000
0.101713962852954864501953125000
0.525474071502685546875000000000
0.544646561145782470703125000000
0.686892032623291015625000000000
1.131808161735534667968750000000
0.635214745998382568359375000000
0.237240985035896301269531250000
0.126687526702880859375000000000
0.145718991756439208984375000000
0.824993014335632324218750000000
0.758067548274993896484375000000
0.664450824260711669921875000000
0.269426405429840087890625000000
0.092721819877624511718750000000
0.225293606519699096679687500000
0.605583608150482177734375000000
0.880659162998199462890625000000
0.032358061522245407104492187500
0.848301112651824951171875000000
0.848301112651824951171875000000
0.255572736263275146484375000000
0.255572736263275146484375000000
0.113327249884605407714843750000
0.053272441029548645019531250000
0.060054808855056762695312500000
0.060054808855056762695312500000
0.215834081172943115234375000000
0.141422837972640991210937500000
0.355911016464233398437500000000
0.098871558904647827148437500000
0.355911016464233398437500000000
0.143892556428909301757812500000
0.355911016464233398437500000000
0.414380818605422973632812500000
0.355911016464233398437500000000
0.086166001856327056884765625000
0.391919076442718505859375000000
0.391919076442718505859375000000
0.386523902416229248046875000000
0.386523902416229248046875000000
0.349367797374725341796875000000
0.030885409563779830932617187500
0.292907118797302246093750000000
0.255348742008209228515625000000
0.143500298261642456054687500000
0.292907118797302246093750000000
0.158902257680892944335937500000
0.004148084204643964767456054688
0.126786008477210998535156250000
0.140076905488967895507812500000
0.250778138637542724609375000000
0.169346034526824951171875000000
0.149406805634498596191406250000
0.038547202944755554199218750000
0.013290897011756896972656250000
0.013290897011756896972656250000
0.134879618883132934570312500000
0.080876700580120086669921875000
0.134879618883132934570312500000
0.080876700580120086669921875000
0.107543960213661193847656250000
0.080876700580120086669921875000
0.044525537639856338500976562500
0.080876700580120086669921875000
0.134879618883132934570312500000
0.080876700580120086669921875000
0.134879618883132934570312500000
0.080876700580120086669921875000
0.091334149241447448730468750000
0.080876700580120086669921875000
0.134004861116409301757812500000
0.134004861116409301757812500000
0.110859617590904235839843750000
0.110859617590904235839843750000
0.090354084968566894531250000000
0.090354084968566894531250000000
0.076409861445426940917968750000
0.076409861445426940917968750000
0.054002918303012847900390625000
0.054002918303012847900390625000
0.054002918303012847900390625000
0.054002918303012847900390625000
0.054002918303012847900390625000
0.012190202251076698303222656250
0.054002918303012847900390625000
0.054002918303012847900390625000
0.054002918303012847900390625000
0.054002918303012847900390625000
0.054002918303012847900390625000
0.054002918303012847900390625000
0.054002918303012847900390625000
0.054002918303012847900390625000
0.043545465916395187377929687500
0.043545465916395187377929687500
0.027335654944181442260742187500
0.027335654944181442260742187500
