1.188597202301025390625000000000
0.889596223831176757812500000000
0.025689391419291496276855468750
0.280072927474975585937500000000
0.167688846588134765625000000000
0.782746911048889160156250000000
0.643713951110839843750000000000
0.175772324204444885253906250000
0.191346555948257446289062500000
0.076266586780548095703125000000
0.073256663978099822998046875000
0.112579233944416046142578125000
0.203338384628295898437500000000
0.027983296662569046020507812500
0.175355091691017150878906250000
0.175355091691017150878906250000
0.000000000000000000000000000000
0.000000000000000000000000000000
0.000000000000000000000000000000
0.000000000000000000000000000000
