1.802077770233154296875000000000
0.209787964820861816406250000000
1.034880042076110839843750000000
1.720904946327209472656250000000
0.005303507205098867416381835938
0.106029659509658813476562500000
0.467068493366241455078125000000
0.021536674350500106811523437500
0.230632007122039794921875000000
0.564268827438354492187500000000
0.046807385981082916259765625000
0.085037700831890106201171875000
0.236152678728103637695312500000
0.077288828790187835693359375000
0.119067996740341186523437500000
0.197922378778457641601562500000
0.119067996740341186523437500000
0.197922378778457641601562500000
0.094915971159934997558593750000
0.164223074913024902343750000000
0.009547259658575057983398437500
0.078854359686374664306640625000
0.009547259658575057983398437500
0.078854359686374664306640625000
0.056450534611940383911132812500
0.069307103753089904785156250000
0.056450534611940383911132812500
0.069307103753089904785156250000
0.069307103753089904785156250000
0.069307103753089904785156250000
0.059536125510931015014648437500
0.069307103753089904785156250000
0.012856567278504371643066406250
0.012856567278504371643066406250
0.012856209650635719299316406250
0.012856567278504371643066406250
0.009770978242158889770507812500
0.009770978242158889770507812500
0.000000357627868652343750000000
0.000000357627868652343750000000
