0.0905191
0.0905191
0.279061
0.36958
0.112536
0.482116
0.0873338
0.56945
1.04405
0.675248
0.476366
0.01
0.01
0.476366
0.166504
0.642871
0.0323775
0.938253
3.16561
0.346417
0.346417
1.95907
1.55209
1.55209
0.753397
2.47362
0.869268
0.793309
0.585946
0.164964
0.164964
0.420982
0.207363
0.268198
1.06151
0.576458
0.695109
0.695109
0.766279
1.46139
0.120821
1.58221
0.0557569
0.98853
2.14986
0.0201632
0.0201632
2.1297
0.476637
1.06253
0.419882
0.419882
1.93158
1.86384
0.630368
0.630368
1.23348
0.487619
1.33757
1.95935
0.568808
0.0205289
0.0205289
1.07442
1.09495
0.409396
1.50435
4.00401
0.387125
0.387125
2.52175
2.1687
0.637736
0.637736
1.53096
0.740182
2.59948
0.708827