0.105964
0.105964
1.34902
1.45499
2.22027
1.44864
0.147842
0.147842
0.196398
0.34424
1.1044
2.22662
0.259
1.59191
1.59191
0.627686
0.01
0.01
0.20714
0.20714
0.498999
0.706139
0.353221
1.05936
0.108999
0.499
0.261397
0.261397
0.237604
0.158069
0.657069
0.51129
0.404281
1.01158
1.01158
0.561062
0.646956
1.64535
3.86494
0.0693155
0.464325
0.282184
0.0586017
0.0586017
0.223583
0.0741999
0.356384
0.485879
0.325451
0.22401
0.22401
0.101441
0.516812
1.03965
0.27041
0.27041
0.237666
0.508076
1.37383
0.98591
2.86782
1.19301
1.22203
1.05946
1.05946
0.162568
2.83879
0.237085
4.29791
0.100674