1.72747
0.296179
0.296179
1.43129
1.75348
0.349772
0.349772
1.08216
1.43193
2.04903
1.43291
4.91387
0.246142
0.24607
0.24607
3.90583
1.68703
0.20447
0.20447
1.48256
2.46486
0.752255
0.142637
0.142637
0.389516
0.532154
1.10194
0.0976616
0.0976616
1.53643
1.32383
0.0514579
0.0514579
0.456914
0.508371
2.44955
0.612073
3.57
0.588141
0.264699
0.264699
0.159268
0.00344114
0.00344114
0.390306
0.393747
0.0302197
1.76277
0.257768
0.257768
1.48476
0.0763931
0.0763931
1.66613
0.444214
0.445258
2.09991
1.01798
0.01
0.01
0.902117
0.902117
0.11586
1.08193
0.532086
1.52614
0.280376
4.43851
0.335774
0.46058
0.46058
4.31371
0.129862
0.255861