3.67325
0.532427
0.246551
0.127242
0.127242
0.119309
0.285876
0.414387
0.65748
0.65748
0.289333
0.129603
1.07642
2.59683
1.08305
1.73771
0.180042
0.143933
0.143933
0.0361085
1.55767
0.224482
0.0104379
0.0104379
1.95176
0.299435
2.26163
0.0296747
0.443738
0.327527
0.327527
0.116212
1.78317
1.12913
0.295745
0.295745
0.83339
1.09777
0.0644001
0.56358
0.0481978
0.0310336
0.0310336
0.0171642
2.80669
0.322665
2.22208
0.698732
0.698732
1.52334
0.481712
0.209879
0.209879
2.49391
0.473764
1.57875
1.92401
0.109518
0.109518
1.70524
1.06302
1.06302
0.751734
0.506269
2.32102
1.37866
0.01
0.01
0.556799
0.556799
0.269979
0.0268873
0.0268873
0.32696
0.353847
0.47293
1.93744
2.76422
0.935459
0.349735
2.86576
2.86576
1.18365
0.490499
0.111146
0.111146
3.05956
3.17071
1.3692
2.14039