53 1
49 2
48 3
47 4
47 5
48 47
49 48
51 49
50 6
50 7
51 50
52 51
52 8
53 52
74 53
56 9
55 10
54 11
54 12
55 54
56 55
58 56
57 13
57 14
58 57
59 58
59 15
65 59
61 16
60 17
60 18
61 60
64 61
63 19
62 20
62 21
63 62
64 63
65 64
68 65
67 22
66 23
66 24
67 66
68 67
73 68
70 25
69 26
69 27
70 69
72 70
71 28
71 29
72 71
73 72
74 73
91 74
75 30
75 31
77 75
76 32
76 33
77 76
78 77
78 34
85 78
79 35
79 36
80 79
80 37
83 80
81 38
81 39
82 81
82 40
83 82
84 83
84 41
85 84
87 85
86 42
86 43
87 86
90 87
88 44
88 45
89 88
89 46
90 89
91 90