0.107336468994617462158203125000
1.990708708763122558593750000000
1.104448676109313964843750000000
0.186868101358413696289062500000
0.121035046875476837158203125000
0.368699014186859130859375000000
0.810489416122436523437500000000
0.184695467352867126464843750000
1.152400732040405273437500000000
0.688620984554290771484375000000
0.526606976985931396484375000000
0.168858855962753295898437500000
0.412387013435363769531250000000
0.463779926300048828125000000000
0.009291227906942367553710937500
0.009291227906942367553710937500
