53 1
50 2
50 3
52 50
51 4
51 5
52 51
53 52
73 53
54 6
54 7
57 54
56 8
55 9
55 10
56 55
57 56
58 57
58 11
72 58
60 12
59 13
59 14
60 59
71 60
62 15
61 16
61 17
62 61
63 62
63 18
66 63
65 19
64 20
64 21
65 64
66 65
70 66
67 22
67 23
68 67
68 24
69 68
69 25
70 69
71 70
72 71
73 72
91 73
74 26
74 27
75 74
75 28
84 75
77 29
76 30
76 31
77 76
79 77
78 32
78 33
79 78
83 79
80 34
80 35
81 80
81 36
82 81
82 37
83 82
84 83
90 84
89 38
85 39
85 40
88 85
87 41
86 42
86 43
87 86
88 87
89 88
90 89
91 90
97 91
94 44
92 45
92 46
93 92
93 47
94 93
96 94
95 48
95 49
96 95
97 96