3.12278
0.696988
0.696988
2.22344
1.33956
1.33956
1.58086
0.20235
1.27884
1.27759
1.27759
0.42127
0.740204
0.116434
0.116434
0.62377
0.958657
1.71707
3.41593
0.273003
1.58397
1.07147
1.07147
0.512502
1.39919
0.262739
0.01
0.01
0.262739
0.116473
0.379212
1.18761
1.39201
0.113073
0.113073
1.27894
0.174813
0.501667
0.133621
0.133621
0.296937
0.430558
1.17652
1.60708
0.461415
0.914667
0.705774
0.712684
1.01154
0.843025
0.843025
2.79346
3.63649
1.39207
0.448714
0.210095
0.210095
0.238619
0.627185
0.0165589
0.0165589
1.05934
1.83295
0.0809123
0.0809123
1.13582
1.21673
1.18644
2.40317
0.505687
2.1197
0.112219
4.18938
1.9953
1.9953
0.63967
2.40698
0.783627
0.783627
1.62335
0.22799
1.55442
0.95139
0.272377
0.960901
4.3184
0.980127
0.980127
3.3322
4.31233
0.00607289
0.786507
0.0944779
0.0944779
5.01043
1.26915