0.668456673622131347656250000000
0.001030922867357730865478515625
0.263083457946777343750000000000
0.242583259940147399902343750000
0.499518990516662597656250000000
0.818532705307006835937500000000
0.345072329044342041015625000000
0.414190351963043212890625000000
0.319013714790344238281250000000
0.111640535295009613037109375000
0.207373186945915222167968750000
0.144314751029014587402343750000
0.063058435916900634765625000000
0.063058435916900634765625000000
0.533373951911926269531250000000
0.180010601878166198730468750000
0.533373951911926269531250000000
0.471390992403030395507812500000
0.332710504531860351562500000000
0.098614662885665893554687500000
0.533373951911926269531250000000
0.471390992403030395507812500000
0.019274482503533363342285156250
0.105359680950641632080078125000
0.136161744594573974609375000000
0.074583999812602996826171875000
0.396806985139846801757812500000
0.396806985139846801757812500000
0.372776269912719726562500000000
0.372776269912719726562500000000
0.213226258754730224609375000000
0.366031259298324584960937500000
0.191429674625396728515625000000
0.066124379634857177734375000000
0.200663521885871887207031250000
0.168528988957405090332031250000
0.154182717204093933105468750000
0.155744999647140502929687500000
0.445962011814117431640625000000
0.155744999647140502929687500000
0.445962011814117431640625000000
0.096225775778293609619140625000
0.040999654680490493774414062500
0.023517899215221405029296875000
0.229600206017494201660156250000
0.154756844043731689453125000000
0.445962011814117431640625000000
0.155744999647140502929687500000
0.445962011814117431640625000000
0.155744999647140502929687500000
0.064100526273250579833984375000
0.125522017478942871093750000000
0.032134525477886199951171875000
0.032134525477886199951171875000
0.404962360858917236328125000000
0.070378422737121582031250000000
0.201381996273994445800781250000
0.383978962898254394531250000000
0.201381996273994445800781250000
0.383978962898254394531250000000
0.201381996273994445800781250000
0.383978962898254394531250000000
0.201381996273994445800781250000
0.383978962898254394531250000000
0.201381996273994445800781250000
0.383978962898254394531250000000
0.201381996273994445800781250000
0.197212189435958862304687500000
0.068126574158668518066406250000
0.068126574158668518066406250000
0.059519220143556594848632812500
0.059519220143556594848632812500
0.334583938121795654296875000000
0.271340250968933105468750000000
0.031676784157752990722656250000
0.092392496764659881591796875000
0.116451695561408996582031250000
0.043618086725473403930664062500
0.009222087450325489044189453125
0.092392496764659881591796875000
0.290216982364654541015625000000
0.092392496764659881591796875000
0.290216982364654541015625000000
0.092392496764659881591796875000
0.290216982364654541015625000000
0.092392496764659881591796875000
0.290216982364654541015625000000
0.092392496764659881591796875000
0.290216982364654541015625000000
0.092392496764659881591796875000
0.280994892120361328125000000000
0.280994892120361328125000000000
0.258540183305740356445312500000
0.258540183305740356445312500000
0.048774406313896179199218750000
0.048774406313896179199218750000
0.197824478149414062500000000000
0.197824478149414062500000000000
0.197824478149414062500000000000
0.197824478149414062500000000000
0.197824478149414062500000000000
0.197824478149414062500000000000
0.197824478149414062500000000000
0.052374459803104400634765625000
0.197824478149414062500000000000
0.197824478149414062500000000000
0.197824478149414062500000000000
0.197824478149414062500000000000
0.058186527341604232788085937500
0.197824478149414062500000000000
0.057698130607604980468750000000
0.197824478149414062500000000000
0.098971158266067504882812500000
0.197824478149414062500000000000
0.182596951723098754882812500000
0.182596951723098754882812500000
0.182596951723098754882812500000
0.182596951723098754882812500000
0.182596951723098754882812500000
0.182596951723098754882812500000
0.182596951723098754882812500000
0.182596951723098754882812500000
0.182596951723098754882812500000
0.182596951723098754882812500000
0.182596951723098754882812500000
0.182596951723098754882812500000
0.148886948823928833007812500000
0.159863308072090148925781250000
0.145450010895729064941406250000
0.145450010895729064941406250000
0.070300407707691192626953125000
0.140126347541809082031250000000
0.069825932383537292480468750000
0.069825932383537292480468750000
0.063243657350540161132812500000
0.063243657350540161132812500000
0.013901963829994201660156250000
0.013901963829994201660156250000
0.000000000000000000000000000000
0.000000000000000000000000000000
0.000000000000000000000000000000
0.000000000000000000000000000000
0.000000000000000000000000000000
0.000000000000000000000000000000
0.000000000000000000000000000000
0.000000000000000000000000000000
0.000000000000000000000000000000
0.000000000000000000000000000000
0.000000000000000000000000000000
0.000000000000000000000000000000
