0.204498
0.204498
0.155469
0.359967
0.212944
0.572911
0.348231
0.921142
5.87121
0.126303
0.126303
6.16302
1.53572
0.453642
0.453642
0.0615003
0.515142
0.853427
0.733304
0.733304
0.635265
0.167148
0.521492
2.05721
1.48604
0.0867779
0.01
0.01
0.0867779
0.379148
0.465926
0.767617
0.63584
0.63584
0.50334
0.226103
0.226103
0.913078
0.0943626
0.302608
0.227374
0.0648422
0.0648422
0.104952
0.169794
0.0575803
1.30878
2.0071
0.220078
1.27357
0.400045
0.400045
0.873529
2.48975
0.835968
3.02565
3.02565
1.57364
1.69003
0.503023