0.143954023718833923339843750000
0.148367166519165039062500000000
0.956119060516357421875000000000
1.233438134193420410156250000000
1.851632833480834960937500000000
1.215923070907592773437500000000
0.574686527252197265625000000000
0.067058034241199493408203125000
0.010921010747551918029785156250
0.677444756031036376953125000000
0.061795782297849655151367187500
0.622607588768005371093750000000
0.035495124757289886474609375000
0.304417908191680908203125000000
0.289745062589645385742187500000
0.289745062589645385742187500000
0.020822256803512573242187500000
0.020822256803512573242187500000
0.000000000000000000000000000000
0.000000000000000000000000000000
