0.244404017925262451171875000000
0.173385053873062133789062500000
0.126818403601646423339843750000
0.692847847938537597656250000000
0.275745809078216552734375000000
0.275745809078216552734375000000
0.041087165474891662597656250000
0.130237549543380737304687500000
0.896130204200744628906250000000
0.996733963489532470703125000000
0.896130204200744628906250000000
0.140678018331527709960937500000
0.156144976615905761718750000000
0.256774634122848510742187500000
0.100603774189949035644531250000
0.583343386650085449218750000000
0.483116209506988525390625000000
0.483116209506988525390625000000
0.181417584419250488281250000000
0.235756516456604003906250000000
0.096179649233818054199218750000
0.195649936795234680175781250000
0.162290424108505249023437500000
0.312262326478958129882812500000
0.326945364475250244140625000000
0.120289683341979980468750000000
0.088396474719047546386718750000
0.111203439533710479736328125000
0.094357304275035858154296875000
0.090607881546020507812500000000
0.111422732472419738769531250000
0.169104918837547302246093750000
0.158963188529014587402343750000
0.158963188529014587402343750000
0.040100976824760437011718750000
0.057682186365127563476562500000
0.011313304305076599121093750000
0.000936254858970642089843750000
0.016644954681396484375000000000
0.016644954681396484375000000000
0.006267905235290527343750000000
0.006267905235290527343750000000
0.000376563053578138351440429688
0.000376563053578138351440429688
