45 1
45 2
46 45
46 3
48 46
47 4
47 5
48 47
81 48
49 6
49 7
50 49
50 8
51 50
51 9
58 51
52 10
52 11
57 52
53 12
53 13
56 53
55 14
54 15
54 16
55 54
56 55
57 56
58 57
63 58
59 17
59 18
60 59
60 19
62 60
61 20
61 21
62 61
63 62
66 63
64 22
64 23
65 64
65 24
66 65
71 66
70 25
69 26
68 27
67 28
67 29
68 67
69 68
70 69
71 70
80 71
72 30
72 31
74 72
73 32
73 33
74 73
79 74
76 34
75 35
75 36
76 75
77 76
77 37
78 77
78 38
79 78
80 79
81 80
87 81
86 39
82 40
82 41
83 82
83 42
84 83
84 43
85 84
85 44
86 85
87 86