5.41101
0.0237629
0.0237629
3.77295
0.380219
0.380219
1.65019
2.03041
0.327895
2.35831
0.569935
0.500373
0.500373
2.42787
0.868469
0.634045
0.523275
0.0299306
0.0299306
0.0421073
0.0720378
0.451237
0.441095
0.01
0.01
0.262206
0.0140512
0.0140512
0.248155
0.199802
0.00212023
0.00212023
0.280516
0.0825309
0.0825309
0.200105
0.179372
0.0760223
0.53803
0.42634
0.118681
0.0523565
0.0523565
0.800151
0.651728
0.651728
0.20078
0.230543
0.417957
0.0560838
0.0560838
0.635944
0.692028
0.80898
2.92975
0.980255