5.13979
1.86479
1.86479
1.46526
3.33006
0.00722964
2.03488
0.01
0.01
2.03488
1.30241
0.247224
0.47503
0.47503
2.62514
0.217899
0.217899
0.0922164
0.310116
1.16004
1.47015
1.63002
0.370019
0.51937
0.000994543
0.000994543
0.518375
0.547944
1.06731
0.310708
0.617137
0.617137
0.760885
0.0925881
0.930733
0.930733
0.539877
1.87131
0.166554
0.166554
2.84519
0.0168825
0.0168825
0.280535
0.269283
0.269283
0.0281346
0.654827
0.952245
2.0595
0.330175
0.128265
0.114324
0.312287
2.24421
0.340875
0.340875
0.0620335
0.402908
0.582122
0.98503
1.25918
1.61538
2.06061
2.06061
1.79898
0.037211
1.243