1.573176980018615722656250000000
0.470661342144012451171875000000
0.989751458168029785156250000000
1.025877594947814941406250000000
0.197073474526405334472656250000
0.195657446980476379394531250000
0.503461122512817382812500000000
0.503461122512817382812500000000
0.041275963187217712402343750000
0.343929827213287353515625000000
0.342513799667358398437500000000
0.342513799667358398437500000000
0.000000000000000000000000000000
0.000000000000000000000000000000
0.000000000000000000000000000000
0.000000000000000000000000000000
0.000000000000000000000000000000
0.000000000000000000000000000000
0.000000000000000000000000000000
0.000000000000000000000000000000
