0.0714346
0.0714346
1.03215
1.10358
0.989544
2.09313
3.28946
0.75602
0.00602549
0.00602549
0.379551
0.385577
0.370443
2.63473
3.39075
0.0212525
0.681841
0.0841336
0.0841336
0.597708
2.10943
0.141046
0.0266506
0.0266506
0.114395
2.65023
0.620732
1.97058
0.234693
1.95588
1.95588
3.6614
0.72093
0.867293
0.867293
1.5175
0.775947
0.775947
1.60885
2.66663
5.05142
1.28679
0.40417
3.882
0.891889
0.891889
1.26338
0.426802
0.426802
1.72847
1.72673
1.12205
1.294
1.28998
0.175349
0.01
0.01
0.105896
0.105896
0.0694522
0.304034
0.479382
0.810597
0.00402177
3.71005
1.73833
0.967575
0.081701
0.081701
1.47837
0.24029
0.24029
0.903142
1.07684
1.07684
0.0665977
0.416642
1.60085
0.158508
0.0424076
0.0424076
0.116101
3.00241
1.72919
1.45743
1.37861
1.37861
0.0788182
0.47476
0.274335
0.0546889
0.0546889
0.219646
1.65785
2.95793
2.81984