0.180633917450904846191406250000
1.864332914352416992187500000000
0.689916908740997314453125000000
0.079802244901657104492187500000
0.615965068340301513671875000000
0.127155080437660217285156250000
0.057171940803527832031250000000
0.332885354757308959960937500000
1.123598575592041015625000000000
0.045994859188795089721679687500
0.796563625335693359375000000000
0.100753374397754669189453125000
0.085602506995201110839843750000
0.559402346611022949218750000000
0.610207736492156982421875000000
0.610207736492156982421875000000
0.000000000000000000000000000000
0.000000000000000000000000000000
0.000000000000000000000000000000
0.000000000000000000000000000000
