4.07377
4.07377
2.3744
1.52806
0.552189
0.552189
0.568159
1.12035
0.407709
0.447378
1.97543
0.243454
0.00906194
0.00906194
1.31905
1.12178
0.485402
0.0551721
0.0551721
0.43023
0.636377
0.206331
0.890779
1.2154
3.43429
3.01387
0.464025
0.169195
0.0114867
0.0114867
0.157709
0.0744062
0.243602
0.196596
0.177515
0.177515
0.262683
1.2684
1.70859
0.281429
1.87358
0.0385307
0.01
0.01
0.0385307
1.04359
0.00728432
0.00728432
0.788948
0.796232
0.285889
0.469325
1.55145
0.322137
0.11644
0.463863
2.45389
4.08294
0.35059
0.00490412
0.00490412
0.345686
2.13779
2.48838
1.29218
0.251066
0.156353
0.156353
0.0947137
2.71329
0.383479
0.383479
2.41026
0.725385
0.725385
0.279733
0.0358016
0.0358016
0.969316
1.78862
0.170614
0.816203
2.75626
0.375366