2.23342
0.40839
0.40839
1.82503
0.157269
1.15644
1.01604
0.16887
0.0797043
0.0797043
0.0891658
0.847167
0.140403
1.17272
1.04034
0.249906
0.118536
0.118536
0.13137
0.790431
1.28882
0.0615333
0.593512
0.391297
0.391297
2.59291
2.21286
0.51129
0.51129
1.73548
0.764589
0.764589
1.33467
0.336937
0.181288
0.181288
0.155649
1.76232
0.147512
1.1671
1.66459
0.01
0.01
0.578932
0.578932
1.08566
1.60617
2.26047
2.26047
0.0238907
2.08247
0.408709
0.00470546
0.00470546
0.404004
1.37286
1.47101
0.990334
0.96924
0.670492
0.670492
0.298748
0.0210944
0.480673
0.310559
0.300903
0.201893
0.0660695
2.35043
0.31732
0.712496
0.712496
0.890664
0.325374
0.168182
0.168182
0.157192
0.345961
0.671335
0.255955
0.92729
0.67587
0.92544
1.07761
1.07761
0.131112
0.360424
0.360424
0.848293
0.252084
1.4608
1.0678
0.139152
0.603012
0.143104
1.7832