51 1
50 2
50 3
51 50
60 51
55 4
54 5
53 6
52 7
52 8
53 52
54 53
55 54
59 55
58 9
57 10
56 11
56 12
57 56
58 57
59 58
60 59
62 60
61 13
61 14
62 61
97 62
63 15
63 16
68 63
64 17
64 18
67 64
66 19
65 20
65 21
66 65
67 66
68 67
96 68
71 22
69 23
69 24
70 69
70 25
71 70
95 71
72 26
72 27
81 72
80 28
74 29
73 30
73 31
74 73
79 74
78 32
77 33
76 34
75 35
75 36
76 75
77 76
78 77
79 78
80 79
81 80
82 81
82 37
94 82
83 38
83 39
88 83
85 40
84 41
84 42
85 84
86 85
86 43
87 86
87 44
88 87
93 88
89 45
89 46
91 89
90 47
90 48
91 90
92 91
92 49
93 92
94 93
95 94
96 95
97 96