3.61744
1.43499
0.434587
0.342573
0.342573
0.0920138
1.0004
1.65548
1.75891
0.0618958
0.0618958
1.28407
0.928069
0.762211
0.221435
0.221435
0.334548
0.555983
0.206228
0.165858
0.417899
0.41294
1.33156
0.408741
0.660785
0.660785
0.563136
1.22392
1.29698
2.5209
0.422091
2.48966
0.650577
0.650577
0.178074
0.164899
0.164899
0.663751
1.66101
0.453335
0.556215
0.118228
0.919375
0.495874
0.0803305
0.0803305
0.415544
1.48169
0.49241
0.01
0.01
0.275519
0.275519
0.216891
1.26778
0.0339563
0.0339563
0.311644
0.3456
0.502424
0.848025
0.91217
0.217371
0.703433
0.883496
0.883496
1.7975
1.85581
0.651774
5.18858