0.037688426673412322998046875000
0.040992807596921920776367187500
0.291796892881393432617187500000
0.212634757161140441894531250000
0.001153531135059893131256103516
0.999766826629638671875000000000
0.749909043312072753906250000000
0.115451790392398834228515625000
0.504117131233215332031250000000
0.250500351190567016601562500000
0.383956879377365112304687500000
0.383956879377365112304687500000
0.130340129137039184570312500000
0.130340129137039184570312500000
0.000000000000000000000000000000
0.000001013278961181640625000000
0.000001013278961181640625000000
0.000001013278961181640625000000
0.000001013278961181640625000000
0.000001013278961181640625000000
0.000001013278961181640625000000
0.000001013278961181640625000000
0.000001013278961181640625000000
0.000001013278961181640625000000
0.000001013278961181640625000000
0.000001013278961181640625000000
