50 1
50 2
59 50
51 3
51 4
56 51
55 5
54 6
53 7
52 8
52 9
53 52
54 53
55 54
56 55
58 56
57 10
57 11
58 57
59 58
60 59
60 12
71 60
62 13
61 14
61 15
62 61
68 62
63 16
63 17
65 63
64 18
64 19
65 64
67 65
66 20
66 21
67 66
68 67
69 68
69 22
70 69
70 23
71 70
97 71
79 24
78 25
72 26
72 27
77 72
73 28
73 29
75 73
74 30
74 31
75 74
76 75
76 32
77 76
78 77
79 78
82 79
80 33
80 34
81 80
81 35
82 81
96 82
83 36
83 37
95 83
84 38
84 39
87 84
85 40
85 41
86 85
86 42
87 86
94 87
88 43
88 44
89 88
89 45
91 89
90 46
90 47
91 90
93 91
92 48
92 49
93 92
94 93
95 94
96 95
97 96