0.228857830166816711425781250000
0.018488261848688125610351562500
0.528826117515563964843750000000
0.005802132189273834228515625000
0.789913117885589599609375000000
0.653872191905975341796875000000
0.010791244916617870330810546875
1.136556625366210937500000000000
0.299942374229431152343750000000
1.292053341865539550781250000000
0.261022388935089111328125000000
0.023678390309214591979980468750
0.149841010570526123046875000000
0.149841010570526123046875000000
0.055106595158576965332031250000
0.055106595158576965332031250000
