0.330861
0.330861
0.380825
0.711686
0.902496
0.032212
0.032212
0.869902
0.168483
0.168483
0.733631
0.712067
10.0633
0.876121
0.876121
3.68008
1.42949
1.42949
0.105497
0.00387193
0.00387193
0.357214
0.178632
0.178632
0.182454
0.816532
1.17762
0.357366
0.170504
0.124559
0.124559
0.758125
0.01
0.01
0.882684
0.822804
2.85071
7.12126
0.809808
0.929377
0.855892
0.033926
0.033926
0.820971
0.446627
0.446627
0.40827
0.000994809
0.0734844
0.808355
1.73773
2.09451
1.15651
0.895631
0.895631
0.26088
2.67573
2.73768
0.415011
0.328538
0.328538
0.0864735
1.22473
0.144164
0.144164
1.00567
0.205803
0.205803
0.944031
0.489903
4.93018
5.91735