2.59872
0.328743
0.328743
2.1853
0.962572
0.962572
1.55147
0.0846766
1.30434
0.01
0.01
2.20969
0.710358
0.710358
1.49933
1.56193
1.90767
1.57786
0.193368
0.193368
1.38449
0.32981
0.708876
0.220871
0.220871
0.581615
0.802487
1.81406
1.08987
3.70395
1.43782
0.633262
0.633262
0.804558
0.0726038
1.51042
2.19353
0.00246278
0.0652117
0.131428
1.56117
0.253697
0.203647
0.203647
0.0500505
1.35928
1.61298
1.76647
3.37945
1.61312
3.56486
2.95949
1.21691
0.483978
0.483978
0.732934
0.939896
1.11914
0.100394
0.0497809
0.0497809
0.0506136
0.725136
0.496045
0.496045
0.329486
0.293606
0.14036
0.331001
0.331001
0.928495
0.897312
0.80268
0.60537
1.40396
1.43083
1.43083
1.07732
0.976147
0.976147
0.577191
0.250448
0.250448
1.30289
0.954808
2.46067
0.023752
0.471656
3.96653
5.84901
0.000309146
0.000309146
0.932883
0.093085
0.093085
0.840107
4.91581
3.58174