1.3062
0.406468
0.406468
0.899732
4.04466
0.689087
0.689087
0.175023
0.668108
0.668108
0.196003
1.0304
1.03866
0.120289
0.120289
0.918371
0.855852
0.616228
0.270407
0.270407
1.66946
0.764745
0.487365
0.487365
0.277381
0.330598
0.549763
0.477396
0.477396
0.0723661
0.253112
0.802874
0.292469
0.844528
0.570869
2.84012
9.52451
5.44462
0.292604
0.292604
3.69433
0.975716
0.0146619
0.01
0.01
0.0146619
0.954992
0.338785
0.338785
0.166525
0.50531
0.464344
0.00606228
3.01122
0.679161
2.78156
0.331978
0.331978
1.77496
0.132776
0.132776
0.961493
1.09427
1.01267
0.674618
1.88454
0.778522
0.15104
1.58222
0.734925
0.734925
0.847299
4.01343
7.53998
1.43298
1.43298
2.06112
0.387767
0.387767
3.10634
9.64154
1.73973