0.264943
0.264943
0.320509
0.585452
0.682778
0.236029
0.236029
0.0126871
0.248717
1.01951
1.08402
2.35225
7.8435
0.568302
0.568302
0.836378
0.781955
0.106499
0.106499
0.617068
0.723568
0.0583871
0.0897879
0.148492
0.148492
0.723251
0.532938
0.0245704
1.34786
0.499349
0.499349
0.848508
0.0813939
1.55692
0.612737
0.01
0.01
0.612737
0.0204881
0.00311753
0.00311753
0.630107
2.35295
0.406825
0.225426
0.225426
0.230514
0.45594
1.18827
0.43521
0.43521
0.720196
0.150843
0.150843
1.00456
0.488809
1.74878
0.999086
0.398652
0.0564408
0.0564408
0.342211
0.551964
0.950616
1.84953
0.401551
0.401551
0.598794
1.00034
1.79981
1.59193
1.70097
6.09305
4.1027
0.182273
5.08334
1.60767
1.60767
3.42574
1.46653
0.272884
0.272884
1.19364
3.56689
0.0499227
0.211913
0.0294671
0.0294671
0.177058
0.206525
0.32215
0.528675
4.76657
5.08277