49 1
49 2
50 49
50 3
53 50
51 4
51 5
52 51
52 6
53 52
54 53
54 7
85 54
55 8
55 9
61 55
58 10
56 11
56 12
57 56
57 13
58 57
60 58
59 14
59 15
60 59
61 60
64 61
63 16
62 17
62 18
63 62
64 63
69 64
66 19
65 20
65 21
66 65
68 66
67 22
67 23
68 67
69 68
76 69
70 24
70 25
71 70
71 26
75 71
72 27
72 28
74 72
73 29
73 30
74 73
75 74
76 75
83 76
78 31
77 32
77 33
78 77
79 78
79 34
82 79
80 35
80 36
81 80
81 37
82 81
83 82
84 83
84 38
85 84
95 85
90 39
86 40
86 41
89 86
88 42
87 43
87 44
88 87
89 88
90 89
94 90
91 45
91 46
92 91
92 47
93 92
93 48
94 93
95 94