0.564241
0.564241
0.0376957
0.112515
0.112515
0.489421
1.05257
1.5284
1.5284
0.126116
5.45376
1.09381
1.09381
0.285756
0.952545
0.952545
0.427021
0.367598
1.74716
0.307763
0.974544
0.974544
1.08038
0.953183
3.00811
2.27003
0.00627241
0.00627241
0.0515465
0.0195774
0.0195774
0.0382415
2.49996
0.220873
0.220873
1.68571
1.58467
0.138784
0.138784
1.44589
0.321918
0.651193
0.24359
0.223582
0.01
0.01
0.223582
1.2464
1.46998
1.07856
0.141734
0.141734
2.4068
0.252833
0.798793
0.360493
0.360493
2.75605
3.11654
0.483624
1.67798
1.83013