47 1
47 2
48 47
48 3
53 48
52 4
49 5
49 6
50 49
50 7
51 50
51 8
52 51
53 52
74 53
54 9
54 10
55 54
55 11
56 55
56 12
59 56
57 13
57 14
58 57
58 15
59 58
73 59
61 16
60 17
60 18
61 60
72 61
63 19
62 20
62 21
63 62
64 63
64 22
67 64
65 23
65 24
66 65
66 25
67 66
71 67
68 26
68 27
70 68
69 28
69 29
70 69
71 70
72 71
73 72
74 73
91 74
75 30
75 31
78 75
76 32
76 33
77 76
77 34
78 77
90 78
80 35
79 36
79 37
80 79
87 80
82 38
81 39
81 40
82 81
84 82
83 41
83 42
84 83
86 84
85 43
85 44
86 85
87 86
89 87
88 45
88 46
89 88
90 89
91 90