0.262228757143020629882812500000
0.262228757143020629882812500000
0.273289918899536132812500000000
0.115637183189392089843750000000
0.006426003761589527130126953125
0.763127863407135009765625000000
0.266863942146301269531250000000
0.163700655102729797363281250000
1.593902587890625000000000000000
0.376326441764831542968750000000
0.617568612098693847656250000000
0.388181000947952270507812500000
0.377458989620208740234375000000
0.128188490867614746093750000000
0.259992510080337524414062500000
0.259992510080337524414062500000
0.784012973308563232421875000000
0.228600770235061645507812500000
0.009377002716064453125000000000
0.566081941127777099609375000000
0.033717811107635498046875000000
0.193335011601448059082031250000
1.076300382614135742187500000000
0.578112542629241943359375000000
0.212467923760414123535156250000
1.072084784507751464843750000000
1.076300382614135742187500000000
1.076300382614135742187500000000
0.233670145273208618164062500000
0.053864844143390655517578125000
0.946412265300750732421875000000
0.946412265300750732421875000000
0.193314820528030395507812500000
0.863832473754882812500000000000
0.086651228368282318115234375000
0.036655329167842864990234375000
0.210906490683555603027343750000
0.049995899200439453125000000000
0.114341996610164642333984375000
0.049995899200439453125000000000
0.064346097409725189208984375000
0.187311440706253051757812500000
0.088041096925735473632812500000
0.760261535644531250000000000000
0.088041096925735473632812500000
0.090839512646198272705078125000
0.023694999516010284423828125000
0.100309759378433227539062500000
0.096564501523971557617187500000
0.142214953899383544921875000000
0.072869502007961273193359375000
0.006043752655386924743652343750
0.672220349311828613281250000000
0.292575895786285400390625000000
0.672220349311828613281250000000
0.088525243103504180908203125000
0.023193813860416412353515625000
0.137351214885711669921875000000
0.023193813860416412353515625000
0.257577210664749145507812500000
0.078410483896732330322265625000
0.599350750446319580078125000000
0.322886884212493896484375000000
0.372691243886947631835937500000
0.321799933910369873046875000000
0.422337770462036132812500000000
0.353242725133895874023437500000
0.180221512913703918457031250000
0.572950005531311035156250000000
0.572950005531311035156250000000
0.065834663808345794677734375000
0.330786049365997314453125000000
0.200675219297409057617187500000
0.358724057674407958984375000000
0.490039169788360595703125000000
0.520940363407135009765625000000
0.014638492837548255920410156250
0.249969348311424255371093750000
0.302461832761764526367187500000
0.002012279350310564041137695312
0.339761376380920410156250000000
0.105680093169212341308593750000
0.244800060987472534179687500000
0.308948576450347900390625000000
0.049804370850324630737304687500
0.262728959321975708007812500000
0.223455935716629028320312500000
0.254357129335403442382812500000
0.115455433726310729980468750000
0.222914323210716247558593750000
0.222914323210716247558593750000
0.000612407864537090063095092773
0.222914323210716247558593750000
0.222914323210716247558593750000
0.222914323210716247558593750000
0.222914323210716247558593750000
0.183594167232513427734375000000
0.183594167232513427734375000000
0.030901188030838966369628906250
0.030901188030838966369628906250
0.030901188030838966369628906250
0.016048166900873184204101562500
0.028231140226125717163085937500
0.028231140226125717163085937500
0.028231140226125717163085937500
0.028231140226125717163085937500
0.028231140226125717163085937500
0.028231140226125717163085937500
0.028231140226125717163085937500
0.028231140226125717163085937500
0.028231140226125717163085937500
0.021876143291592597961425781250
0.011316547170281410217285156250
0.011316547170281410217285156250
0.009989739395678043365478515625
0.009989739395678043365478515625
0.004215557128190994262695312500
0.004215557128190994262695312500
0.000000000000000000000000000000
0.000000000000000000000000000000
