0.619464
0.25491
0.01
0.01
0.25491
0.338789
0.593699
0.025765
0.529282
1.14875
0.412602
1.01205
1.01205
0.033409
0.475275
0.475275
0.570189
0.515884
0.236557
0.0963597
0.0963597
1.70155
0.971006
0.492877
0.492877
1.64674
2.1097
0.0126454
0.0126454
2.09705
0.0299202
0.629292
1.86369
3.26667
0.315917
0.315917
1.31485
1.63077
0.0915455
0.0952391
0.0952391
1.62707
0.399568
0.426913
0.426913
0.591688
1.0186
1.10328
1.0851
2.12783
0.562068
0.562068
1.44626
1.62568
1.62568
0.382643
0.119499
1.07915
0.0596879
0.93617
2.11852
1.73955
0.488176
0.488176
1.25137
0.378969
2.08432
0.42976