0.253856688737869262695312500000
0.164698347449302673339843750000
1.124695181846618652343750000000
0.281297385692596435546875000000
0.557470083236694335937500000000
0.505077898502349853515625000000
0.143368154764175415039062500000
1.554004192352294921875000000000
0.083134442567825317382812500000
0.892205119132995605468750000000
1.181954741477966308593750000000
0.143177837133407592773437500000
0.326852798461914062500000000000
1.157930970191955566406250000000
0.831078231334686279296875000000
0.831078231334686279296875000000
0.710606515407562255859375000000
0.586524665355682373046875000000
0.348860323429107666015625000000
0.348860323429107666015625000000
0.006718520075082778930664062500
0.006718520075082778930664062500
0.000000000000000000000000000000
0.000000000000000000000000000000
0.000000000000000000000000000000
0.000000000000000000000000000000
0.000000000000000000000000000000
0.000000000000000000000000000000
0.000000000000000000000000000000
0.000000000000000000000000000000
0.000000000000000000000000000000
0.000000000000000000000000000000
0.000000000000000000000000000000
0.000000000000000000000000000000
0.000000000000000000000000000000
0.000000000000000000000000000000
0.000000000000000000000000000000
0.000000000000000000000000000000
0.000000000000000000000000000000
0.000000000000000000000000000000
