75 1
50 2
49 3
48 4
48 5
49 48
50 49
52 50
51 6
51 7
52 51
74 52
56 8
53 9
53 10
54 53
54 11
55 54
55 12
56 55
73 56
57 13
57 14
58 57
58 15
61 58
60 16
59 17
59 18
60 59
61 60
72 61
71 19
62 20
62 21
63 62
63 22
70 63
69 23
64 24
64 25
66 64
65 26
65 27
66 65
68 66
67 28
67 29
68 67
69 68
70 69
71 70
72 71
73 72
74 73
75 74
93 75
76 30
76 31
79 76
78 32
77 33
77 34
78 77
79 78
84 79
81 35
80 36
80 37
81 80
82 81
82 38
83 82
83 39
84 83
92 84
85 40
85 41
88 85
86 42
86 43
87 86
87 44
88 87
91 88
90 45
89 46
89 47
90 89
91 90
92 91
93 92