0.146403133869171142578125000000
0.547734498977661132812500000000
0.422779649496078491210937500000
0.422779649496078491210937500000
0.002987982938066124916076660156
0.441014021635055541992187500000
0.002987982938066124916076660156
1.430816769599914550781250000000
0.145832613110542297363281250000
0.385094881057739257812500000000
0.344158887863159179687500000000
0.033911775797605514526367187500
0.873786270618438720703125000000
1.393917202949523925781250000000
0.793380677700042724609375000000
1.281996369361877441406250000000
0.399898171424865722656250000000
0.145432874560356140136718750000
0.362540662288665771484375000000
0.763280451297760009765625000000
0.199864119291305541992187500000
0.199864119291305541992187500000
0.484982997179031372070312500000
0.428050369024276733398437500000
0.086602441966533660888671875000
0.738372981548309326171875000000
0.135836407542228698730468750000
0.663364708423614501953125000000
0.253390341997146606445312500000
0.176019400358200073242187500000
0.077370941638946533203125000000
0.077370941638946533203125000000
0.000000000000000000000000000000
0.000000357627868652343750000000
0.000000000000000000000000000000
0.000000357627868652343750000000
0.000000000000000000000000000000
0.000000357627868652343750000000
0.000000000000000000000000000000
0.000000357627868652343750000000
0.000000000000000000000000000000
0.000000357627868652343750000000
0.000000000000000000000000000000
0.000000357627868652343750000000
0.000000000000000000000000000000
0.000000357627868652343750000000
0.000000000000000000000000000000
0.000000357627868652343750000000
0.000000000000000000000000000000
0.000000357627868652343750000000
0.000000000000000000000000000000
0.000000357627868652343750000000
0.000000000000000000000000000000
0.000000357627868652343750000000
0.000000000000000000000000000000
0.000000357627868652343750000000
0.000000000000000000000000000000
0.000000357627868652343750000000
0.000000357627868652343750000000
0.000000357627868652343750000000
