0.359303474426269531250000000000
1.999999880790710449218750000000
1.463363289833068847656250000000
0.653830707073211669921875000000
0.027039760723710060119628906250
0.070913977921009063720703125000
0.508550167083740234375000000000
0.005360927432775497436523437500
0.428141415119171142578125000000
0.192026540637016296386718750000
0.451275736093521118164062500000
0.220375642180442810058593750000
0.124271318316459655761718750000
0.230900093913078308105468750000
0.106628775596618652343750000000
0.106628775596618652343750000000
0.000000000000000000000000000000
0.000000000000000000000000000000
0.000000000000000000000000000000
0.000000000000000000000000000000
0.000000000000000000000000000000
0.000000000000000000000000000000
0.000000000000000000000000000000
0.000000000000000000000000000000
0.000000000000000000000000000000
0.000000000000000000000000000000
