0.0473479
0.0473479
9.58068
1.19611
0.156576
0.156576
0.874221
1.0308
0.165313
0.785493
1.9816
0.0278944
1.55459
1.55459
0.454903
2.06191
2.33354
0.0403091
0.0403091
0.703772
0.744081
0.378778
1.04906
0.254951
0.254951
0.794111
0.0667214
0.460841
0.460841
0.654943
0.00707546
1.21068
1.73787
0.0113986
0.530775
0.530775
1.12827
0.0107192
0.0107192
1.33865
1.34937
0.309673
1.75025
1.25787
1.25787
2.15142
0.673514
5.54522
5.04463
5.27735
5.27735
1.44589
0.950245
0.950245
2.55239
0.678448
0.678448
0.0895193
0.767967
2.73467
1.96339
1.5315
1.5315
0.107163
0.0105196
0.01
0.01
0.0105196
0.429048
0.439567
1.1991
3.82736
1.25722
7.94941