52 1
48 2
48 3
50 48
49 4
49 5
50 49
51 50
51 6
52 51
64 52
63 7
54 8
53 9
53 10
54 53
58 54
57 11
56 12
55 13
55 14
56 55
57 56
58 57
59 58
59 15
62 59
61 16
60 17
60 18
61 60
62 61
63 62
64 63
93 64
92 19
66 20
65 21
65 22
66 65
84 66
67 23
67 24
69 67
68 25
68 26
69 68
71 69
70 27
70 28
71 70
83 71
73 29
72 30
72 31
73 72
78 73
74 32
74 33
77 74
75 34
75 35
76 75
76 36
77 76
78 77
82 78
81 37
79 38
79 39
80 79
80 40
81 80
82 81
83 82
84 83
91 84
90 41
85 42
85 43
89 85
88 44
87 45
86 46
86 47
87 86
88 87
89 88
90 89
91 90
92 91
93 92