0.185563
0.185563
0.8656
1.05116
0.640568
1.69173
2.07921
0.604904
0.604904
3.16604
1.02182
4.79277
1.71859
2.35401
0.773879
0.773879
0.936025
0.942966
0.114969
0.114969
0.827997
0.766937
0.644109
0.323001
2.67701
2.63167
5.30868
0.308138
1.4471
1.4471
0.157414
0.438743
0.438743
1.16577
0.44679
1.13821
1.13821
0.509627
1.64783
0.403471
2.18814
0.374535
0.0587045
0.0587045
0.31583
1.02843
1.40297
0.374896
1.51186
0.355636
0.355636
1.15623
0.0262921
0.521752
0.01
0.01
0.521752
1.0164
0.239705
0.899118
2.67698
1.374
0.361737
0.361737
0.617299
0.972294
0.972294
0.00674212
2.12138
3.10042
0.950568
0.188465
1.37737
0.831584
0.224372
0.224372
0.808527
1.0329
1.81828
0.12063
0.12063
2.73055
3.59722
0.0629578