75 1
51 2
50 3
50 4
51 50
54 51
52 5
52 6
53 52
53 7
54 53
58 54
57 8
56 9
55 10
55 11
56 55
57 56
58 57
62 58
59 12
59 13
61 59
60 14
60 15
61 60
62 61
74 62
63 16
63 17
64 63
64 18
66 64
65 19
65 20
66 65
73 66
72 21
67 22
67 23
70 67
68 24
68 25
69 68
69 26
70 69
71 70
71 27
72 71
73 72
74 73
75 74
86 75
76 28
76 29
79 76
78 30
77 31
77 32
78 77
79 78
84 79
83 33
80 34
80 35
82 80
81 36
81 37
82 81
83 82
84 83
85 84
85 38
86 85
92 86
87 39
87 40
91 87
88 41
88 42
90 88
89 43
89 44
90 89
91 90
92 91
97 92
93 45
93 46
96 93
94 47
94 48
95 94
95 49
96 95
97 96