0.129989430308341979980468750000
0.252487599849700927734375000000
0.005693193059414625167846679688
0.306479126214981079101562500000
0.512851715087890625000000000000
0.675089716911315917968750000000
0.149957388639450073242187500000
0.205491334199905395507812500000
1.511513590812683105468750000000
0.089646056294441223144531250000
0.133245542645454406738281250000
0.036708693951368331909179687500
0.418262571096420288085937500000
1.210962533950805664062500000000
0.224266946315765380859375000000
0.454571485519409179687500000000
1.189227342605590820312500000000
0.727677822113037109375000000000
1.018913865089416503906250000000
1.018913865089416503906250000000
0.000000000000000000000000000000
0.000000000000000000000000000000
