0.0168776
0.0168776
4.01906
0.301997
0.0133525
0.0133525
0.288645
0.0840259
0.109852
0.109852
0.276171
0.511353
0.897376
3.13856
3.26461
1.00118
0.211737
0.211737
0.595205
0.806942
0.194241
1.86555
0.103693
0.103693
2.76304
4.27598
0.259635
0.259635
0.981408
1.24104
5.90166
0.15784
1.17304
1.6333
0.01
0.01
1.6333
0.0945625
0.184833
0.184833
1.54303
6.74573
7.67811
12.2215
1.04474
1.04474
0.929433
0.0831591
0.0831591
0.711216
0.17447
0.17447
0.619905
1.1798
2.08529
0.336353
0.0280131
0.0280131
0.30834
0.180201
0.516554
3.54291
8.16209
3.93015