46 1
46 2
49 46
47 3
47 4
48 47
48 5
49 48
51 49
50 6
50 7
51 50
54 51
53 8
52 9
52 10
53 52
54 53
55 54
55 11
87 55
56 12
56 13
67 56
59 14
57 15
57 16
58 57
58 17
59 58
66 59
60 18
60 19
61 60
61 20
64 61
63 21
62 22
62 23
63 62
64 63
65 64
65 24
66 65
67 66
69 67
68 25
68 26
69 68
75 69
70 27
70 28
74 70
73 29
71 30
71 31
72 71
72 32
73 72
74 73
75 74
86 75
76 33
76 34
79 76
77 35
77 36
78 77
78 37
79 78
85 79
81 38
80 39
80 40
81 80
83 81
82 41
82 42
83 82
84 83
84 43
85 84
86 85
87 86
89 87
88 44
88 45
89 88