0.034456729888916015625000000000
0.034456729888916015625000000000
0.340772032737731933593750000000
0.205414116382598876953125000000
0.004192034248262643814086914062
0.902821004390716552734375000000
0.276719391345977783203125000000
0.155737102031707763671875000000
0.360347867012023925781250000000
0.059860594570636749267578125000
1.000258088111877441406250000000
0.277171015739440917968750000000
0.325451761484146118164062500000
0.048882987350225448608398437500
0.401949852705001831054687500000
0.396886050701141357421875000000
0.369316875934600830078125000000
0.140357658267021179199218750000
0.699770629405975341796875000000
0.604186475276947021484375000000
0.601685941219329833984375000000
0.103123754262924194335937500000
0.025617182254791259765625000000
0.583095848560333251953125000000
0.121313072741031646728515625000
0.210981667041778564453125000000
0.707890391349792480468750000000
1.172694206237792968750000000000
0.097976736724376678466796875000
0.641139447689056396484375000000
0.648149430751800537109375000000
0.534451782703399658203125000000
0.095584154129028320312500000000
0.131857529282569885253906250000
0.036273360252380371093750000000
0.016774557530879974365234375000
0.036273360252380371093750000000
0.624513268470764160156250000000
0.036273360252380371093750000000
0.567281067371368408203125000000
0.607738733291625976562500000000
0.176612883806228637695312500000
0.446243196725845336914062500000
0.192918002605438232421875000000
0.537768781185150146484375000000
0.192918002605438232421875000000
0.537768781185150146484375000000
0.192918002605438232421875000000
0.322796195745468139648437500000
0.102885290980339050292968750000
0.523867666721343994140625000000
0.523867666721343994140625000000
0.383088082075119018554687500000
0.425207257270812988281250000000
0.104111991822719573974609375000
0.277283012866973876953125000000
0.104111991822719573974609375000
0.277283012866973876953125000000
0.104111991822719573974609375000
0.086927235126495361328125000000
0.227454349398612976074218750000
0.286593347787857055664062500000
0.190355777740478515625000000000
0.190355777740478515625000000000
0.114601805806159973144531250000
0.098531797528266906738281250000
0.091431111097335815429687500000
0.098531797528266906738281250000
0.192736566066741943359375000000
0.098531797528266906738281250000
0.140677049756050109863281250000
0.199778795242309570312500000000
0.192678093910217285156250000000
0.172125130891799926757812500000
0.192678093910217285156250000000
0.192678093910217285156250000000
0.056252501904964447021484375000
0.139946773648262023925781250000
0.136425614356994628906250000000
0.136425614356994628906250000000
0.118038885295391082763671875000
0.118038885295391082763671875000
0.118038885295391082763671875000
0.118038885295391082763671875000
0.118038885295391082763671875000
0.118038885295391082763671875000
0.118038885295391082763671875000
0.118038885295391082763671875000
0.059139050543308258056640625000
0.033132012933492660522460937500
0.076478227972984313964843750000
0.026007039472460746765136718750
0.052731316536664962768554687500
0.052731316536664962768554687500
0.041539907455444335937500000000
0.050471186637878417968750000000
0.041539907455444335937500000000
0.050471186637878417968750000000
0.050471186637878417968750000000
0.012706789188086986541748046875
0.050471186637878417968750000000
0.050471186637878417968750000000
0.050471186637878417968750000000
0.050471186637878417968750000000
0.037764396518468856811523437500
0.037764396518468856811523437500
0.020552970468997955322265625000
0.020552970468997955322265625000
0.008931279182434082031250000000
0.008931279182434082031250000000
0.008931279182434082031250000000
0.008931279182434082031250000000
0.008931279182434082031250000000
0.008931279182434082031250000000
0.008931279182434082031250000000
0.008931279182434082031250000000
0.008931279182434082031250000000
0.008931279182434082031250000000
