0.230326
0.230326
1.23931
0.520954
0.171393
0.171393
0.0275373
0.19893
0.283086
0.42018
0.110501
0.110501
0.252741
0.363242
0.0569389
0.0618352
0.0389388
0.948682
0.661428
0.772405
0.536338
0.536338
0.236066
0.585835
1.09616
1.09616
0.262083
0.772825
2.45699
1.80109
0.211706
0.211706
0.935287
1.14699
0.654094
0.544821
0.187049
0.187049
1.01747
1.20452
1.14139
0.608138
2.18592
0.01
0.01
1.90169
1.90169
0.0723636
0.394735
0.394735
1.57932
0.211867
0.0218013
0.0573543
0.0573543
1.79383
0.565264
0.565264
0.621409
0.392463
0.392463
0.79421
0.66451
0.356539
0.746323
1.63401