2.000000000000000000000000000000
0.243345886468887329101562500000
0.832689046859741210937500000000
0.038620859384536743164062500000
0.027646332979202270507812500000
1.351880311965942382812500000000
1.008873224258422851562500000000
0.079878963530063629150390625000
0.441873788833618164062500000000
0.115012913942337036132812500000
0.566500782966613769531250000000
0.168563738465309143066406250000
0.239639937877655029296875000000
0.239639937877655029296875000000
0.000000000000000000000000000000
0.000000000000000000000000000000
