0.152621
0.152621
1.52536
1.15679
0.529428
0.529428
0.627361
0.475617
0.682567
0.682567
0.949839
0.0455726
2.7574
0.957554
0.0938842
0.067066
0.067066
0.0268182
0.86367
2.48892
1.66673
0.234359
0.224462
0.224462
0.00989669
1.43237
1.28627
2.953
0.294865
2.21709
0.278133
0.0463302
0.0463302
0.231803
0.936705
0.580956
0.01
0.01
0.166353
0.166353
0.0167452
0.183099
0.397858
0.06351
0.644466
0.570372
0.562943
0.180654
0.180654
1.59713
0.439304
1.03078
0.198609
0.988901
0.178852
0.685057
0.0563674
0.0563674
0.62869
0.69746
1.38252
0.722096
2.10461
0.184682
2.2893
0.426666
0.23775
0.23775
2.47821
1.89827
0.657619
0.660802
0.660802
0.17432
0.335897
0.335897
0.0098796
0.345777
0.489346
0.439952
1.27508
3.99677
0.222515
0.784061
0.243042
0.243042
0.541019
0.463826
0.796821
0.796821
0.451066
0.704246
1.95213
0.109734
0.0967315
0.0967315
1.96514
3.4325