0.28951
0.0310892
0.0227092
0.0227092
0.00837999
0.258421
1.48557
0.205354
0.205354
1.56972
0.457833
0.341846
0.341846
0.258281
0.600127
0.367221
0.967349
0.0528043
1.02015
1.08842
0.686342
0.686342
0.317829
1.00417
1.1044
0.12434
0.386002
0.01
0.01
0.363164
0.353749
0.353749
0.00941485
2.25575
3.59719
1.65109
0.00409976
0.00409976
0.899325
0.903424
0.747664
3.63798
0.862421
0.862421
3.31764
1.14948
1.14948
3.03058
1.109
0.532373
1.87309
1.87309
3.52488
2.2763
1.59565
1.59565
0.680653
3.12166
0.423479
0.394661