0.171578913927078247070312500000
0.125589028000831604003906250000
0.769237756729125976562500000000
0.042289733886718750000000000000
0.851358294486999511718750000000
0.197715610265731811523437500000
0.445821106433868408203125000000
0.108934260904788970947265625000
0.210722267627716064453125000000
0.098376929759979248046875000000
0.597459435462951660156250000000
0.724049806594848632812500000000
0.126590400934219360351562500000
0.126590400934219360351562500000
0.000000000000000000000000000000
0.000000953674316406250000000000
0.000000000000000000000000000000
0.000000953674316406250000000000
0.000000000000000000000000000000
0.000000953674316406250000000000
0.000000953674316406250000000000
0.000000953674316406250000000000
0.000000953674316406250000000000
0.000000953674316406250000000000
0.000000953674316406250000000000
0.000000953674316406250000000000
