50 1
50 2
68 50
54 3
51 4
51 5
53 51
52 6
52 7
53 52
54 53
56 54
55 8
55 9
56 55
67 56
60 10
57 11
57 12
59 57
58 13
58 14
59 58
60 59
61 60
61 15
66 61
65 16
64 17
63 18
62 19
62 20
63 62
64 63
65 64
66 65
67 66
68 67
70 68
69 21
69 22
70 69
71 70
71 23
97 71
73 24
72 25
72 26
73 72
96 73
74 27
74 28
76 74
75 29
75 30
76 75
82 76
81 31
77 32
77 33
79 77
78 34
78 35
79 78
80 79
80 36
81 80
82 81
95 82
84 37
83 38
83 39
84 83
91 84
85 40
85 41
88 85
87 42
86 43
86 44
87 86
88 87
90 88
89 45
89 46
90 89
91 90
93 91
92 47
92 48
93 92
94 93
94 49
95 94
96 95
97 96