0.532614469528198242187500000000
0.844992756843566894531250000000
0.710596561431884765625000000000
0.173669666051864624023437500000
0.981337547302246093750000000000
0.003471163799986243247985839844
0.977866411209106445312500000000
0.588071823120117187500000000000
0.444410592317581176757812500000
0.444410592317581176757812500000
0.389794528484344482421875000000
0.389794528484344482421875000000
0.000000000000000000000000000000
0.000000000000000000000000000000
0.000000000000000000000000000000
0.000000000000000000000000000000
0.000000000000000000000000000000
0.000000000000000000000000000000
