0.840626
0.791826
0.0544315
0.0544315
0.175261
0.220932
0.220932
0.00876069
0.562134
0.0487995
3.48281
4.32343
3.17393
0.337154
0.337154
2.89303
3.23018
1.79156
0.309729
0.309729
0.424203
0.695709
0.0544244
0.0544244
0.641284
0.0382232
2.9949
1.13254
0.067292
0.01
0.01
0.067292
0.301217
0.368509
0.764029
0.453538
0.914022
0.914022
0.672054
2.14276
1.29291
1.36175
1.05548
1.05548
1.1564
1.34901
0.599758
0.599758
0.749252
0.862871
0.0170702
2.22895
0.230662
1.15384
1.04026
1.04026
0.113578
0.243339
0.333307
0.333307
1.06387
1.06243
3.92388
1.11387