0.0448304
0.0448304
6.08193
4.09928
0.267062
0.267062
0.979832
1.24689
0.985697
0.696118
0.696118
0.321168
0.681109
0.681109
0.336178
1.2153
1.86668
2.02748
6.03433
12.1611
0.963233
0.423618
0.423618
5.86459
2.189
2.189
4.0992
6.83611
0.24181
0.571112
0.571112
1.15263
1.72374
0.126267
1.46384
1.46384
0.386169
0.339087
2.18909
11.177
1.07583
0.437272
0.437272
2.05555
0.203298
0.203298
0.649243
0.852541
0.0412039
0.237747
0.056092
0.056092
0.181655
0.655997
1.59907
1.40278
0.0212627
0.0212627
1.94885
1.97011
0.784823
0.01
0.01
0.373033
0.285157
0.285157
0.0878759
0.50957
0.882603
0.166591
1.04919
1.70574
1.14066
10.5464