1.143038749694824218750000000000
0.471858710050582885742187500000
1.528141260147094726562500000000
0.073513790965080261230468750000
0.775291562080383300781250000000
0.869456529617309570312500000000
0.679335892200469970703125000000
0.303145468235015869140625000000
0.136211708188056945800781250000
0.558611452579498291015625000000
0.246815174818038940429687500000
0.007373952306807041168212890625
0.026559479534626007080078125000
0.026559479534626007080078125000
0.000000000000000000000000000000
0.000000000000000000000000000000
0.000000000000000000000000000000
0.000000000000000000000000000000
0.000000000000000000000000000000
0.000000000000000000000000000000
0.000000000000000000000000000000
0.000000000000000000000000000000
