0.00763643
0.00763643
0.0782555
0.0776871
0.0776871
0.00820475
4.90545
0.866392
0.0589279
0.0589279
0.807464
4.12495
6.63518
1.86785
0.0577903
0.0577903
0.95263
1.01042
0.857433
1.27965
0.509917
0.509917
0.473644
0.983561
0.967554
0.329848
0.329848
1.62127
1.19638
2.92171
1.04616
1.04616
0.461309
1.50747
0.265913
0.949619
0.949619
0.823763
1.5078
1.67208
1.67208
0.0372376
0.19334
0.19334
0.150838
0.324349
0.324349
0.0198283
0.893794
1.18956
1.18956
0.0484163
0.471343
0.0367668
0.01
0.01
0.323652
0.323652
0.02251
0.346162
0.048
0.394162
1.35192
0.583231
0.0760169
0.0760169
0.280798
0.356815
1.29754
1.65435
0.674962
0.951868
2.78803
5.55731