51 1
51 2
52 51
52 3
56 52
53 4
53 5
54 53
54 6
55 54
55 7
56 55
95 56
83 8
57 9
57 10
58 57
58 11
59 58
59 12
65 59
64 13
62 14
60 15
60 16
61 60
61 17
62 61
63 62
63 18
64 63
65 64
82 65
66 19
66 20
67 66
67 21
76 67
69 22
68 23
68 24
69 68
71 69
70 25
70 26
71 70
75 71
73 27
72 28
72 29
73 72
74 73
74 30
75 74
76 75
81 76
77 31
77 32
80 77
79 33
78 34
78 35
79 78
80 79
81 80
82 81
83 82
94 83
85 36
84 37
84 38
85 84
88 85
86 39
86 40
87 86
87 41
88 87
89 88
89 42
93 89
90 43
90 44
92 90
91 45
91 46
92 91
93 92
94 93
95 94
99 95
97 47
96 48
96 49
97 96
98 97
98 50
99 98