0.287576556205749511718750000000
0.597588777542114257812500000000
0.238343700766563415527343750000
1.008016228675842285156250000000
0.251478999853134155273437500000
0.553140759468078613281250000000
0.549077570438385009765625000000
1.222600460052490234375000000000
0.920938730239868164062500000000
0.377634674310684204101562500000
0.680599808692932128906250000000
0.161102816462516784667968750000
0.202431052923202514648437500000
0.673522889614105224609375000000
0.543304026126861572265625000000
0.202344089746475219726562500000
0.403081744909286499023437500000
0.543304204940795898437500000000
0.471091985702514648437500000000
0.471091806888580322265625000000
0.023807093501091003417968750000
0.023807093501091003417968750000
0.000000178813934326171875000000
0.000000178813934326171875000000
0.000000000000000000000000000000
0.000000178813934326171875000000
0.000000178813934326171875000000
0.000000178813934326171875000000
0.000000000000000000000000000000
0.000000178813934326171875000000
0.000000178813934326171875000000
0.000000178813934326171875000000
0.000000000000000000000000000000
0.000000178813934326171875000000
0.000000178813934326171875000000
0.000000178813934326171875000000
0.000000178813934326171875000000
0.000000178813934326171875000000
0.000000178813934326171875000000
0.000000178813934326171875000000
