0.000453486747574061155319213867
0.187178134918212890625000000000
0.077598899602890014648437500000
0.077598899602890014648437500000
0.916922450065612792968750000000
0.116449996829032897949218750000
0.720631241798400878906250000000
0.116449996829032897949218750000
0.545512676239013671875000000000
0.417298078536987304687500000000
0.058615539222955703735351562500
0.773931026458740234375000000000
0.360434859991073608398437500000
0.525527596473693847656250000000
0.356633037328720092773437500000
0.356633037328720092773437500000
0.011855784803628921508789062500
0.409252405166625976562500000000
0.397396624088287353515625000000
0.303816318511962890625000000000
0.370622038841247558593750000000
0.370622038841247558593750000000
1.014588832855224609375000000000
0.523923218250274658203125000000
0.353633970022201538085937500000
0.167315006256103515625000000000
0.353633970022201538085937500000
0.072179287672042846679687500000
0.180833995342254638671875000000
0.399772971868515014648437500000
0.734022617340087890625000000000
0.818297564983367919921875000000
0.093580320477485656738281250000
0.089317128062248229980468750000
0.677526950836181640625000000000
0.124866701662540435791015625000
0.351798027753829956054687500000
0.346319675445556640625000000000
0.172800004482269287109375000000
0.069980844855308532714843750000
0.083443194627761840820312500000
0.664008021354675292968750000000
0.351798027753829956054687500000
0.206498682498931884765625000000
0.351798027753829956054687500000
0.664008021354675292968750000000
0.351798027753829956054687500000
0.207114100456237792968750000000
0.448887854814529418945312500000
0.594027161598205566406250000000
0.327872633934020996093750000000
0.047731179744005203247070312500
0.491207957267761230468750000000
0.256561994552612304687500000000
0.178997993469238281250000000000
0.256561994552612304687500000000
0.047962628304958343505859375000
0.490665614604949951171875000000
0.242385745048522949218750000000
0.094089224934577941894531250000
0.445068955421447753906250000000
0.230755493044853210449218750000
0.442702978849411010742187500000
0.442702978849411010742187500000
0.363420069217681884765625000000
0.363420069217681884765625000000
0.113401025533676147460937500000
0.312209963798522949218750000000
0.026100117713212966918945312500
0.312209963798522949218750000000
0.312209963798522949218750000000
0.312209963798522949218750000000
0.312209963798522949218750000000
0.312209963798522949218750000000
0.147966504096984863281250000000
0.312209963798522949218750000000
0.234645962715148925781250000000
0.234645962715148925781250000000
0.226977765560150146484375000000
0.234645962715148925781250000000
0.164243459701538085937500000000
0.164243459701538085937500000000
0.163335323333740234375000000000
0.163335323333740234375000000000
0.044850017875432968139648437500
0.145139276981353759765625000000
0.100289262831211090087890625000
0.100289262831211090087890625000
0.007668204605579376220703125000
0.007668204605579376220703125000
0.000000000000000000000000000000
0.000002980232238769531250000000
0.000000000000000000000000000000
0.000002980232238769531250000000
0.000000000000000000000000000000
0.000002980232238769531250000000
0.000000000000000000000000000000
0.000002980232238769531250000000
0.000000000000000000000000000000
0.000002980232238769531250000000
0.000000000000000000000000000000
0.000002980232238769531250000000
0.000000000000000000000000000000
0.000002980232238769531250000000
0.000000000000000000000000000000
0.000002980232238769531250000000
0.000000000000000000000000000000
0.000002980232238769531250000000
0.000000000000000000000000000000
0.000002980232238769531250000000
0.000000000000000000000000000000
0.000002980232238769531250000000
0.000000000000000000000000000000
0.000002980232238769531250000000
0.000000000000000000000000000000
0.000002980232238769531250000000
0.000000000000000000000000000000
0.000002980232238769531250000000
0.000000000000000000000000000000
0.000002980232238769531250000000
0.000000000000000000000000000000
0.000002980232238769531250000000
0.000000000000000000000000000000
0.000002980232238769531250000000
0.000000000000000000000000000000
0.000002980232238769531250000000
0.000000000000000000000000000000
0.000002980232238769531250000000
0.000000000000000000000000000000
0.000002980232238769531250000000
0.000000000000000000000000000000
0.000002980232238769531250000000
0.000000000000000000000000000000
0.000002980232238769531250000000
0.000000000000000000000000000000
0.000002980232238769531250000000
0.000000000000000000000000000000
0.000002980232238769531250000000
0.000000000000000000000000000000
0.000002980232238769531250000000
0.000000000000000000000000000000
0.000002980232238769531250000000
0.000000000000000000000000000000
0.000002980232238769531250000000
0.000000000000000000000000000000
0.000002980232238769531250000000
0.000000000000000000000000000000
0.000002980232238769531250000000
0.000000000000000000000000000000
0.000002980232238769531250000000
0.000000000000000000000000000000
0.000002980232238769531250000000
0.000000000000000000000000000000
0.000002980232238769531250000000
0.000000000000000000000000000000
0.000002980232238769531250000000
0.000000000000000000000000000000
0.000002980232238769531250000000
0.000000000000000000000000000000
0.000002980232238769531250000000
0.000000000000000000000000000000
0.000002980232238769531250000000
0.000000000000000000000000000000
0.000002980232238769531250000000
0.000000000000000000000000000000
0.000002980232238769531250000000
0.000000000000000000000000000000
0.000002980232238769531250000000
0.000000000000000000000000000000
0.000002980232238769531250000000
0.000000000000000000000000000000
0.000002980232238769531250000000
0.000000000000000000000000000000
0.000002980232238769531250000000
0.000000000000000000000000000000
0.000002980232238769531250000000
0.000000000000000000000000000000
0.000002980232238769531250000000
0.000000000000000000000000000000
0.000002980232238769531250000000
0.000000000000000000000000000000
0.000002980232238769531250000000
0.000000000000000000000000000000
0.000002980232238769531250000000
0.000000000000000000000000000000
0.000002980232238769531250000000
0.000000000000000000000000000000
0.000002980232238769531250000000
0.000000000000000000000000000000
0.000002980232238769531250000000
0.000000000000000000000000000000
0.000002980232238769531250000000
0.000000000000000000000000000000
0.000002980232238769531250000000
0.000000000000000000000000000000
0.000002980232238769531250000000
0.000000000000000000000000000000
0.000002980232238769531250000000
0.000000000000000000000000000000
0.000002980232238769531250000000
0.000000000000000000000000000000
0.000002980232238769531250000000
0.000000000000000000000000000000
0.000002980232238769531250000000
0.000000000000000000000000000000
0.000002980232238769531250000000
0.000000000000000000000000000000
0.000002980232238769531250000000
0.000000000000000000000000000000
0.000002980232238769531250000000
0.000000000000000000000000000000
0.000002980232238769531250000000
0.000000000000000000000000000000
0.000002980232238769531250000000
0.000000000000000000000000000000
0.000002980232238769531250000000
0.000000000000000000000000000000
0.000002980232238769531250000000
0.000000000000000000000000000000
0.000002980232238769531250000000
0.000000000000000000000000000000
0.000002980232238769531250000000
0.000000000000000000000000000000
0.000002980232238769531250000000
0.000000000000000000000000000000
0.000002980232238769531250000000
0.000000000000000000000000000000
0.000002980232238769531250000000
0.000000000000000000000000000000
0.000002980232238769531250000000
0.000000000000000000000000000000
0.000002980232238769531250000000
0.000000000000000000000000000000
0.000002980232238769531250000000
0.000000000000000000000000000000
0.000002980232238769531250000000
0.000000000000000000000000000000
0.000002980232238769531250000000
0.000000000000000000000000000000
0.000002980232238769531250000000
0.000000000000000000000000000000
0.000002980232238769531250000000
0.000000000000000000000000000000
0.000002980232238769531250000000
0.000000000000000000000000000000
0.000002980232238769531250000000
0.000000000000000000000000000000
0.000002980232238769531250000000
0.000000000000000000000000000000
0.000002980232238769531250000000
0.000000000000000000000000000000
0.000002980232238769531250000000
0.000000000000000000000000000000
0.000002980232238769531250000000
0.000000000000000000000000000000
0.000002980232238769531250000000
0.000000000000000000000000000000
0.000002980232238769531250000000
0.000000000000000000000000000000
0.000002980232238769531250000000
0.000000000000000000000000000000
0.000002980232238769531250000000
0.000000000000000000000000000000
0.000002980232238769531250000000
0.000000000000000000000000000000
0.000002980232238769531250000000
0.000000000000000000000000000000
0.000002980232238769531250000000
0.000000000000000000000000000000
0.000002980232238769531250000000
0.000000000000000000000000000000
0.000002980232238769531250000000
0.000000000000000000000000000000
0.000002980232238769531250000000
0.000000000000000000000000000000
0.000002980232238769531250000000
0.000000000000000000000000000000
0.000002980232238769531250000000
0.000000000000000000000000000000
0.000002980232238769531250000000
0.000000000000000000000000000000
0.000002980232238769531250000000
0.000000000000000000000000000000
0.000002980232238769531250000000
0.000000000000000000000000000000
0.000002980232238769531250000000
0.000000000000000000000000000000
0.000002980232238769531250000000
0.000000000000000000000000000000
0.000002980232238769531250000000
0.000000000000000000000000000000
0.000002980232238769531250000000
0.000000000000000000000000000000
0.000002980232238769531250000000
0.000000000000000000000000000000
0.000002980232238769531250000000
0.000000000000000000000000000000
0.000002980232238769531250000000
0.000000000000000000000000000000
0.000002980232238769531250000000
0.000000000000000000000000000000
0.000002980232238769531250000000
0.000000000000000000000000000000
0.000002980232238769531250000000
0.000000000000000000000000000000
0.000002980232238769531250000000
0.000000000000000000000000000000
0.000002980232238769531250000000
0.000000000000000000000000000000
0.000002980232238769531250000000
0.000000000000000000000000000000
0.000002980232238769531250000000
0.000000000000000000000000000000
0.000002980232238769531250000000
0.000000000000000000000000000000
0.000002980232238769531250000000
0.000000000000000000000000000000
0.000002980232238769531250000000
0.000000000000000000000000000000
0.000002980232238769531250000000
0.000000000000000000000000000000
0.000002980232238769531250000000
0.000000000000000000000000000000
0.000002980232238769531250000000
0.000000000000000000000000000000
0.000002980232238769531250000000
0.000000000000000000000000000000
0.000002980232238769531250000000
0.000000000000000000000000000000
0.000002980232238769531250000000
0.000000000000000000000000000000
0.000002980232238769531250000000
0.000000000000000000000000000000
0.000002980232238769531250000000
0.000000000000000000000000000000
0.000002980232238769531250000000
0.000000000000000000000000000000
0.000002980232238769531250000000
0.000000000000000000000000000000
0.000002980232238769531250000000
0.000000000000000000000000000000
0.000002980232238769531250000000
0.000000000000000000000000000000
0.000002980232238769531250000000
0.000000000000000000000000000000
0.000002980232238769531250000000
0.000000000000000000000000000000
0.000002980232238769531250000000
0.000000000000000000000000000000
0.000002980232238769531250000000
0.000000000000000000000000000000
0.000002980232238769531250000000
0.000000000000000000000000000000
0.000002980232238769531250000000
0.000000000000000000000000000000
0.000002980232238769531250000000
0.000000000000000000000000000000
0.000002980232238769531250000000
0.000000000000000000000000000000
0.000002980232238769531250000000
0.000000000000000000000000000000
0.000002980232238769531250000000
0.000000000000000000000000000000
0.000002980232238769531250000000
0.000000000000000000000000000000
0.000002980232238769531250000000
0.000000000000000000000000000000
0.000002980232238769531250000000
0.000000000000000000000000000000
0.000002980232238769531250000000
0.000000000000000000000000000000
0.000002980232238769531250000000
0.000000000000000000000000000000
0.000002980232238769531250000000
0.000000000000000000000000000000
0.000002980232238769531250000000
0.000000000000000000000000000000
0.000002980232238769531250000000
0.000000000000000000000000000000
0.000002980232238769531250000000
0.000000000000000000000000000000
0.000002980232238769531250000000
0.000000000000000000000000000000
0.000002980232238769531250000000
0.000000000000000000000000000000
0.000002980232238769531250000000
0.000000000000000000000000000000
0.000002980232238769531250000000
0.000000000000000000000000000000
0.000002980232238769531250000000
0.000000000000000000000000000000
0.000002980232238769531250000000
0.000000000000000000000000000000
0.000002980232238769531250000000
0.000000000000000000000000000000
0.000002980232238769531250000000
0.000000000000000000000000000000
0.000002980232238769531250000000
0.000000000000000000000000000000
0.000002980232238769531250000000
0.000000000000000000000000000000
0.000002980232238769531250000000
0.000000000000000000000000000000
0.000002980232238769531250000000
0.000000000000000000000000000000
0.000002980232238769531250000000
0.000000000000000000000000000000
0.000002980232238769531250000000
0.000000000000000000000000000000
0.000002980232238769531250000000
0.000000000000000000000000000000
0.000002980232238769531250000000
0.000000000000000000000000000000
0.000002980232238769531250000000
0.000000000000000000000000000000
0.000002980232238769531250000000
0.000000000000000000000000000000
0.000002980232238769531250000000
0.000000000000000000000000000000
0.000002980232238769531250000000
0.000000000000000000000000000000
0.000002980232238769531250000000
0.000000000000000000000000000000
0.000002980232238769531250000000
0.000000000000000000000000000000
0.000002980232238769531250000000
0.000000000000000000000000000000
0.000002980232238769531250000000
0.000000000000000000000000000000
0.000002980232238769531250000000
0.000000000000000000000000000000
0.000002980232238769531250000000
0.000000000000000000000000000000
0.000002980232238769531250000000
0.000000000000000000000000000000
0.000002980232238769531250000000
0.000000000000000000000000000000
0.000002980232238769531250000000
0.000000000000000000000000000000
0.000002980232238769531250000000
0.000000000000000000000000000000
0.000002980232238769531250000000
0.000000000000000000000000000000
0.000002980232238769531250000000
0.000000000000000000000000000000
0.000002980232238769531250000000
0.000000000000000000000000000000
0.000002980232238769531250000000
0.000000000000000000000000000000
0.000002980232238769531250000000
0.000000000000000000000000000000
0.000002980232238769531250000000
0.000000000000000000000000000000
0.000002980232238769531250000000
0.000000000000000000000000000000
0.000002980232238769531250000000
0.000000000000000000000000000000
0.000002980232238769531250000000
0.000000000000000000000000000000
0.000002980232238769531250000000
0.000000000000000000000000000000
0.000002980232238769531250000000
0.000000000000000000000000000000
0.000002980232238769531250000000
0.000000000000000000000000000000
0.000002980232238769531250000000
0.000000000000000000000000000000
0.000002980232238769531250000000
0.000000000000000000000000000000
0.000002980232238769531250000000
0.000000000000000000000000000000
0.000002980232238769531250000000
0.000000000000000000000000000000
0.000002980232238769531250000000
0.000000000000000000000000000000
0.000002980232238769531250000000
0.000000000000000000000000000000
0.000002980232238769531250000000
0.000000000000000000000000000000
0.000002980232238769531250000000
0.000000000000000000000000000000
0.000002980232238769531250000000
0.000000000000000000000000000000
0.000002980232238769531250000000
0.000000000000000000000000000000
0.000002980232238769531250000000
0.000002980232238769531250000000
0.000002980232238769531250000000
0.000002980232238769531250000000
0.000002980232238769531250000000
0.000002980232238769531250000000
0.000002980232238769531250000000
0.000002980232238769531250000000
0.000002980232238769531250000000
0.000002980232238769531250000000
0.000002980232238769531250000000
