0.171864360570907592773437500000
0.104389391839504241943359375000
0.481063455343246459960937500000
1.391772270202636718750000000000
1.828135609626770019531250000000
0.315593540668487548828125000000
0.107225425541400909423828125000
0.055536609143018722534179687500
0.165441378951072692871093750000
0.728854596614837646484375000000
0.526617527008056640625000000000
1.001678109169006347656250000000
1.249105691909790039062500000000
0.072861157357692718505859375000
0.031156074255704879760742187500
1.176244616508483886718750000000
0.503838300704956054687500000000
0.261425495147705078125000000000
0.403638482093811035156250000000
0.403638482093811035156250000000
0.000000000000000000000000000000
0.000000000000000000000000000000
0.000000000000000000000000000000
0.000000000000000000000000000000
