0.746648
0.746648
0.865881
0.0217543
0.0217543
0.801993
0.823747
0.509522
1.33327
0.27926
1.6161
0.380253
0.380253
2.84837
5.1231
0.637457
0.637457
0.290743
0.928201
2.64692
0.01
0.01
3.57512
0.534643
0.35655
0.0156676
0.0156676
0.340883
0.439557
0.796107
0.0398673
0.179951
0.179951
0.656024
1.96193
2.7979
1.31186
1.00503
4.61878
1.67485
0.111173
0.111173
1.56368
2.94393
0.496018
0.0947317
0.985181
0.985181
4.22435
3.1422
1.31549
4.85167
0.638327
0.433286
0.433286
0.0282826
0.263047
0.194105
0.194105
0.0689422
0.112413
0.37546
0.0861083
0.176759
4.21334
4.81555