0.131052717566490173339843750000
0.643404126167297363281250000000
0.388657003641128540039062500000
1.765953898429870605468750000000
0.999649047851562500000000000000
0.819244146347045898437500000000
0.034702684730291366577148437500
1.356595873832702636718750000000
0.661046266555786132812500000000
0.661046266555786132812500000000
0.480641394853591918945312500000
0.090045608580112457275390625000
0.390595763921737670898437500000
0.172137469053268432617187500000
0.102993458509445190429687500000
0.001064001582562923431396484375
0.101929455995559692382812500000
0.101929455995559692382812500000
0.000000000000000000000000000000
0.000000000000000000000000000000
0.000000000000000000000000000000
0.000000000000000000000000000000
0.000000000000000000000000000000
0.000000000000000000000000000000
0.000000000000000000000000000000
0.000000000000000000000000000000
0.000000000000000000000000000000
0.000000000000000000000000000000
0.000000000000000000000000000000
0.000000000000000000000000000000
0.000000000000000000000000000000
0.000000000000000000000000000000
0.000000000000000000000000000000
0.000000000000000000000000000000
