5.46811
1.53916
0.687921
0.687921
0.851235
1.4393
0.275351
0.275351
2.70311
0.921009
0.694577
0.258066
0.258066
0.257736
0.515802
0.178775
0.555869
1.25045
0.558535
0.205792
0.205792
0.293338
0.49913
0.544845
1.04397
0.217785
1.26176
0.547221
0.638134
2.44712
1.07897
1.83822
1.83822
1.54931
2.0157
0.854481
0.683853
0.683853
0.170628
1.16122
1.11512
0.789603
0.789603
1.88177
2.65007
2.65007
0.0212997
0.0915022
2.76287
0.367944
0.256714
0.138557
0.373378
1.16266
3.97867
0.01
0.01
0.838048
0.453939
0.453939
0.0539183
0.507857
0.330191
2.15939
0.00949664
0.00949664
0.514638
0.524135
0.435139
0.680698
0.0371577
0.0371577
0.64354
0.278577
0.274308
0.226736
0.226736
0.714432
0.941169
0.292414
1.76386
0.981234
1.08346
0.40598