26.51869
46.67249
25.56218
12.35191
0.180041
13.03022
13.03022
13.21026
56.12741
13.46365
2.643606
2.643606
16.10726
15.86964
56.93298
25.95074
25.95074
2.464202
2.612689
0.608952
40.94032
36.25756
36.25756
77.19787
18.56751
59.23932
59.23932
0.96424
1.871073
2.340188
50.26399
24.98002
24.98002
64.91071
10.33331
10.33331
28.62932
14.75438
4.937788
2.572172
0.467838
18.96414
7.258556
7.258555
26.2227
23.41736
3.273171
3.273171
19.36118
9.901527
9.901528
18.1995
16.00099
16.00099
5.439001
2.214409
21.5211
19.78037
19.78037
7.0972
0.645418
4.809336
28.74952
18.9625
9.787018
9.787018
33.55885
1.752759
0.636384
8.822094
22.99303
7.315057
15.67798
2.37743
13.30055
6.22911
7.071436
7.071436
14.04729
0.462511
17.30533
17.30533
17.76784
2.005947
2.538506
7.284967
20.62209
1.709863
18.91223
18.91223
7.229615
2.070846
3.542336
13.31639
0.659246
1.088631
0.344715
0.743916
0.743916
0.233157
0.159698
1.355022
1.355022
0.664906
0.849813
0.849813
1.088156
13.97611
6.342801
7.633306
7.633306
7.36439
2.062878
0.634659
8.544672
8.544672
1.97699
7.202341
7.202341
2.079503
0.765723
8.396983
8.396983
9.162706
1.837669
6.394033
12.44574
12.44574
8.334269
7.661744
2.843764
2.843764
1.006159
1.276716
0.115134
3.024166
0.47575
4.607582
4.249696
0.357885
0.357885
5.083332
8.107498
2.222379
6.000253
1.9241
1.559463
2.51669
2.51669
4.076153
9.499349
3.403616
7.645567
0.887061
6.755524
11.7538
11.7538
5.908536
5.5395
7.061285
7.061285
12.60079
1.974742
0.489464
2.188235
3.768526
10.97541
10.97541
14.74394
8.498785
8.433391
8.433391
17.42164
2.942826
21.34001
0.69927
2.059843
2.059843
2.759113
17.51055
3.121595
3.466979
3.466979
6.588573
0.640221
5.815602
6.907377
12.86958
17.2831
17.2831
3.459381
2.450037
6.136784
18.10648
5.23307
0.584253
12.28915
12.28915
2.713587
10.15982
0.330351
3.928721
5.900749
5.900749
9.82947
7.695498
16.54776
10.07116
6.476605
6.476605
7.283703
0.226862
4.182542
9.033907
5.966285
5.966285
3.337375
0.188775
11.47404
11.47404
11.66282
1.469418
17.71332
0.21671
4.159323
10.38786
2.949422
2.949422
13.33728
0.722282
14.11187
2.662456
2.662456
1.494882
15.27944
1.753863
4.058101
9.46748
9.46748
13.52558
2.244515
17.16508
0.460172
8.403872
8.301038
8.301038
16.70491
37.06006
1.749067
41.12659
1.341702
23.69164
0.387037
15.70621
5.172108
10.5341
10.5341
0.262864
6.486629
0.178022
0.533545
8.632185
8.632185
9.165731
3.565861
0.319022
5.45887
5.45887
2.556383
3.221509
1.140024
2.081485
2.081485
0.618564
0.611046
3.2571
0.683243
10.66043
10.66043
11.34367
5.719342
8.881432
6.521264
2.360167
2.360167
0.883247
1.424843
12.90373
0.433751
12.46998
12.46998
7.783278
1.326945
5.218349
5.218349
6.545294
2.46631
17.10734
8.938172
11.27307
2.917562
0.214975
0.985685
7.154844
7.154843
0.26084
1.782602
6.097086
6.097086
3.791028
0.617943
0.240297
0.478079
2.752342
2.752342
3.230421
3.470718
1.760691
2.32797
0.243085
1.135283
0.949602
0.949602
2.084885
0.913442
1.555449
5.886612
3.650676
2.235936
2.235936
1.796118
2.013298
3.632646
3.632646
5.645944
9.019328
2.274233
8.917678
1.702229
4.341955
2.873492
2.873493
1.82579
5.389658
5.389658
2.339146
8.852764
0.380759
5.706196
2.76581
2.76581
8.472006
1.885785
22.49769
5.393766
5.345638
2.195704
2.195704
0.569866
6.971476
6.971476
2.633285
10.30182
10.30182
1.094257
6.557949
0.511931
7.951525
19.31713
2.253581
7.664235
1.630723
7.768593
0.439335
0.695601
6.633657
6.633657
7.329258
9.399316
17.06355
20.51752
6.751133
6.751133
18.39886
9.381733
9.381733
7.940061
5.718053
20.68042
20.68042
17.07815
9.320325
9.320325
2.185281
43.69797
33.57202
5.402023
6.816871
19.61972
1.73341
1.73341
21.35313
5.137808
2.792901
20.23929
20.23929
2.088814
20.94338
20.94338
1.571366
41.30296
9.147599
25.24808
25.24808
7.361351
6.617189
20.41713
10.76811
9.649028
9.649027
27.03432
8.345736
67.3529
1.803283
30.27684
35.27277
10.35073
24.92205
24.92205
11.29673
54.25288
44.83651
5.017643
4.398729
4.398729
9.416372
