46 1
46 2
51 46
50 3
49 4
47 5
47 6
48 47
48 7
49 48
50 49
51 50
83 51
57 8
55 9
54 10
53 11
52 12
52 13
53 52
54 53
55 54
56 55
56 14
57 56
62 57
61 15
60 16
58 17
58 18
59 58
59 19
60 59
61 60
62 61
68 62
64 20
63 21
63 22
64 63
67 64
65 23
65 24
66 65
66 25
67 66
68 67
81 68
71 26
69 27
69 28
70 69
70 29
71 70
74 71
73 30
72 31
72 32
73 72
74 73
76 74
75 33
75 34
76 75
79 76
78 35
77 36
77 37
78 77
79 78
80 79
80 38
81 80
82 81
82 39
83 82
89 83
84 40
84 41
85 84
85 42
88 85
87 43
86 44
86 45
87 86
88 87
89 88