0.609329
0.606552
0.606552
0.00277664
2.74199
1.0516
0.41903
0.41903
0.632567
2.29972
0.252909
1.73076
1.50531
1.50531
0.225451
1.87347
1.05418
0.0497904
0.00734478
0.00734478
0.0424456
0.710948
0.760739
2.98899
3.74973
0.908681
0.923937
1.59712
0.693757
0.166464
0.166464
0.37431
0.540774
0.152983
0.711097
0.526964
0.526964
0.87789
0.19227
0.715452
2.31258
3.26977
6.3499
4.25867
1.43412
1.22504
1.22504
0.209081
2.82455
4.01356
0.832921
0.375588
0.163046
0.163046
0.109108
0.272154
0.103433
0.106696
0.482284
0.350637
7.43931
3.53736
5.60114
0.012573
0.01
0.01
0.012573
1.10215
0.0361965
0.0361965
1.07853
4.48642
1.45954
0.581261
0.581261
5.02622
5.60749
1.4532
4.74891
0.122653
8.29149
0.234594
0.234594
0.435457
0.670052
19.5537