0.478809833526611328125000000000
1.665549635887145996093750000000
1.443747282028198242187500000000
0.829509735107421875000000000000
0.614237368106842041015625000000
0.229612529277801513671875000000
0.370666593313217163085937500000
0.327311992645263671875000000000
0.257007330656051635742187500000
0.257007330656051635742187500000
0.013958275318145751953125000000
0.013958275318145751953125000000
0.077442601323127746582031250000
0.077442601323127746582031250000
0.077442601323127746582031250000
0.077442601323127746582031250000
0.077442601323127746582031250000
0.077442601323127746582031250000
0.077442601323127746582031250000
0.077442601323127746582031250000
0.046226426959037780761718750000
0.077442601323127746582031250000
0.077442601323127746582031250000
0.077442601323127746582031250000
0.000000000000000000000000000000
0.000000402331352233886718750000
0.000000000000000000000000000000
0.000000402331352233886718750000
0.000000000000000000000000000000
0.000000402331352233886718750000
0.000000000000000000000000000000
0.000000402331352233886718750000
0.000000402331352233886718750000
0.000000402331352233886718750000
0.000000402331352233886718750000
0.000000402331352233886718750000
0.000000402331352233886718750000
0.000000402331352233886718750000
0.000000402331352233886718750000
0.000000402331352233886718750000
0.000000402331352233886718750000
0.000000402331352233886718750000
0.000000402331352233886718750000
0.000000402331352233886718750000
0.000000402331352233886718750000
0.000000402331352233886718750000
0.000000402331352233886718750000
0.000000402331352233886718750000
0.000000402331352233886718750000
0.000000402331352233886718750000
0.000000402331352233886718750000
0.000000402331352233886718750000
0.000000402331352233886718750000
0.000000402331352233886718750000
