1.36843
0.01
0.01
1.36843
4.2787
3.83746
2.05137
2.05137
1.78609
1.80968
3.21217
7.30149
2.0354
0.61549
0.61549
1.41991
1.36919
0.275125
0.275125
0.158846
0.43397
2.97061
3.59716
0.466893
0.466893
1.3722
0.0368835
0.0368835
1.29471
0.176111
0.176111
0.86775
0.987141
0.162867
0.162867
0.124923
0.28779
0.699351
0.05672
0.287733
0.507503
3.92429
0.43932
0.43932
0.313329
0.61363
0.61363
0.13902
1.91386
2.66651
2.9717
0.0823333
0.0823333
1.70884
0.253321
0.253321
1.53785
0.839388
2.63056
0.984722
3.61528
2.02293
0.00772434
1.32847
0.534383
0.534383
0.794089
2.35641
1.67948
1.67948
2.0054
1.96106
0.117451
1.23835
0.299756
0.284044
7.45755
3.41922
2.11801
2.11801
1.30121
0.500151
0.0380999
0.0380999
3.88127
3.53818
0.127992
1.27376