1.038561940193176269531250000000
0.010499884374439716339111328125
0.139093518257141113281250000000
1.028062105178833007812500000000
0.738536536693572998046875000000
0.552147328853607177734375000000
0.150432005524635314941406250000
0.003710644785314798355102539062
0.592407286167144775390625000000
0.085115931928157806396484375000
0.434869915246963500976562500000
0.109890952706336975097656250000
0.857778012752532958984375000000
0.413859993219375610351562500000
0.107092037796974182128906250000
0.208900645375251770019531250000
0.903776526451110839843750000000
0.265429139137268066406250000000
0.597354471683502197265625000000
0.112591966986656188964843750000
0.207664430141448974609375000000
0.752537548542022705078125000000
0.160648569464683532714843750000
0.231779992580413818359375000000
0.229074865579605102539062500000
0.029120892286300659179687500000
0.138002291321754455566406250000
0.515752077102661132812500000000
0.150077015161514282226562500000
0.285946071147918701171875000000
0.386929482221603393554687500000
0.386929482221603393554687500000
0.296832382678985595703125000000
0.377749770879745483398437500000
0.365675032138824462890625000000
0.009967855177819728851318359375
0.315798044204711914062500000000
0.014109672978520393371582031250
0.186054289340972900390625000000
0.315798044204711914062500000000
0.287908405065536499023437500000
0.315798044204711914062500000000
0.129743784666061401367187500000
0.129743784666061401367187500000
0.103660047054290771484375000000
0.103660047054290771484375000000
0.053027767688035964965820312500
0.080917418003082275390625000000
0.029771864414215087890625000000
0.057661511003971099853515625000
0.027889646589756011962890625000
0.027889646589756011962890625000
0.027889646589756011962890625000
0.027889646589756011962890625000
0.027889646589756011962890625000
0.027889646589756011962890625000
0.000000000000000000000000000000
0.000000000000000000000000000000
0.000000000000000000000000000000
0.000000000000000000000000000000
0.000000000000000000000000000000
0.000000000000000000000000000000
