47 1
47 2
48 47
48 3
49 48
49 4
51 49
50 5
50 6
51 50
56 51
52 7
52 8
53 52
53 9
54 53
54 10
55 54
55 11
56 55
60 56
59 12
57 13
57 14
58 57
58 15
59 58
60 59
91 60
62 16
61 17
61 18
62 61
64 62
63 19
63 20
64 63
66 64
65 21
65 22
66 65
68 66
67 23
67 24
68 67
70 68
69 25
69 26
70 69
81 70
71 27
71 28
80 71
72 29
72 30
73 72
73 31
77 73
75 32
74 33
74 34
75 74
76 75
76 35
77 76
79 77
78 36
78 37
79 78
80 79
81 80
90 81
82 38
82 39
87 82
84 40
83 41
83 42
84 83
86 84
85 43
85 44
86 85
87 86
89 87
88 45
88 46
89 88
90 89
91 90