1.44717
0.01
0.01
0.977837
0.977837
0.469333
0.599969
0.339154
0.339154
0.130381
0.205914
0.205914
0.263621
0.371146
0.429025
0.429025
0.22189
0.650914
0.189767
1.20646
1.97089
0.433664
0.433664
0.185537
0.6192
0.384888
1.00409
2.36793
0.915144
0.915144
1.73998
0.403545
0.174484
0.174484
0.229062
0.419808
0.266164
0.12058
0.12058
0.145584
0.557189
0.906814
1.135
1.135
0.595166
0.924955
0.716892
0.646018
4.20573
0.00624676
0.00624676
0.427741
0.433988
5.53169
1.33837
0.121756
0.121756
0.0970041
0.21876
1.11961
3.29762
1.41488
1.41488
0.582661
0.343445
0.343445
1.14502
1.48847
0.509077
2.63844
0.762901
1.81212
1.81212
0.371617
0.213713
0.213713
0.261961
0.475674
0.108473
0.584147
1.59959
2.30048
1.3758
0.198787
0.198787
1.17701
1.37193
0.604458
0.604458
0.415109
1.01957
1.72816
1.73649
0.91467
0.56679
2.25809