0.841399
0.841399
0.98343
1.82483
4.00497
0.482335
0.231453
0.01
0.01
0.134722
0.134722
0.0967304
0.250882
0.579844
0.17764
0.17764
0.884539
4.76762
1.26089
1.50828
0.129185
0.129185
0.593688
0.0244921
0.0244921
0.698381
0.785403
0.460113
1.30951
0.00848006
0.00848006
1.30103
0.0630891
1.3726
0.392144
0.0530063
0.0530063
1.71174
0.203641
3.8126
5.78099
1.3097
1.06636
1.03638
0.410012
0.0535676
0.0535676
0.356444
0.522204
0.0320998
0.0320998
0.900116
0.104161
0.301277
0.939786
0.939786
0.397869
6.81939
1.09401
1.81876
0.13423
0.13423
0.344121
0.478351
1.34041
3.40433
0.260509
0.260509
4.96259
4.02796