0.256362
0.256362
0.776989
0.0272462
0.0272462
1.0061
3.44508
0.218603
0.218603
0.96367
1.18227
2.55783
0.00300239
0.00300239
0.26195
0.264952
0.580441
0.845393
1.52103
0.917169
0.917169
1.04839
0.160333
0.160333
1.38328
1.54361
0.421943
0.400872
0.00795156
0.435455
0.338112
0.338112
0.0973428
0.839612
1.27507
1.09931
1.36572
0.738328
0.312368
1.65624
0.938063
0.619936
0.01
0.01
0.619936
0.318127
0.718176
1.82119
0.471507
0.38881
0.38881
0.0826969
0.0959634
0.56747
0.358251
0.925721
1.55275
0.404058
0.404058
1.06752
1.47158
0.782373
2.09241
1.25593
1.18869
0.2741
0.254726
0.254726
0.0193746
0.91459
0.0672406
0.836476
0.161543
0.224522
0.690453
3.16892
0.308507
1.31337