0.140540391206741333007812500000
1.327194571495056152343750000000
1.824905157089233398437500000000
1.123866677284240722656250000000
0.361004710197448730468750000000
0.628060817718505859375000000000
0.030844561755657196044921875000
0.207871809601783752441406250000
0.337955653667449951171875000000
0.098886683583259582519531250000
0.374588370323181152343750000000
0.374588370323181152343750000000
0.062568932771682739257812500000
0.107532262802124023437500000000
0.044957801699638366699218750000
0.044963330030441284179687500000
0.034548964351415634155273437500
0.034554492682218551635742187500
0.000000000000000000000000000000
0.000005528330802917480468750000
0.000005528330802917480468750000
0.000005528330802917480468750000
0.000005528330802917480468750000
0.000005528330802917480468750000
