1.330987095832824707031250000000
0.029711090028285980224609375000
1.272529482841491699218750000000
0.324723869562149047851562500000
0.780608594417572021484375000000
0.186328813433647155761718750000
0.784149825572967529296875000000
0.758619964122772216796875000000
0.697759389877319335937500000000
0.449408680200576782226562500000
0.054218247532844543457031250000
0.585721135139465332031250000000
0.312805473804473876953125000000
0.137255817651748657226562500000
0.301989257335662841796875000000
0.167331516742706298828125000000
0.162133216857910156250000000000
0.248350620269775390625000000000
0.065299607813358306884765625000
0.083291850984096527099609375000
0.000000000000000000000000000000
0.000000000000000000000000000000
