0.328756541013717651367187500000
0.322871148586273193359375000000
1.213980555534362792968750000000
0.041870933026075363159179687500
0.998716235160827636718750000000
0.890828669071197509765625000000
0.022149426862597465515136718750
0.260761320590972900390625000000
0.027310421690344810485839843750
0.428739815950393676757812500000
0.587081909179687500000000000000
0.587081909179687500000000000000
0.463148236274719238281250000000
0.463148236274719238281250000000
0.185652494430541992187500000000
0.185652494430541992187500000000
