50 1
50 2
55 50
53 3
52 4
51 5
51 6
52 51
53 52
54 53
54 7
55 54
56 55
56 8
88 56
60 9
57 10
57 11
59 57
58 12
58 13
59 58
60 59
87 60
72 14
61 15
61 16
66 61
65 17
64 18
62 19
62 20
63 62
63 21
64 63
65 64
66 65
71 66
67 22
67 23
68 67
68 24
70 68
69 25
69 26
70 69
71 70
72 71
86 72
73 27
73 28
74 73
74 29
75 74
75 30
79 75
78 31
77 32
76 33
76 34
77 76
78 77
79 78
80 79
80 35
85 80
81 36
81 37
84 81
82 38
82 39
83 82
83 40
84 83
85 84
86 85
87 86
88 87
92 88
91 41
89 42
89 43
90 89
90 44
91 90
92 91
97 92
94 45
93 46
93 47
94 93
96 94
95 48
95 49
96 95
97 96