0.0674964
0.0674964
0.0980988
0.165595
0.152342
0.317937
8.11821
0.208415
0.208415
1.12835
0.815172
0.815172
0.521593
0.307143
0.0817438
0.0817438
1.34167
0.0955691
0.0955691
0.499124
0.225697
0.225697
0.368995
0.828726
0.220489
0.507018
1.07833
0.550028
0.550028
0.201115
0.751142
0.327184
0.314135
1.39246
0.758465
3.19634
1.07443
1.07443
0.491813
0.815538
0.109648
0.109648
0.0398115
0.14946
0.666078
0.750701
0.105252
0.153901
0.153901
1.51759
0.838523
0.01
0.01
2.51001
0.799014
0.316206
0.252379
0.252379
0.063827
2.93847
3.25467
0.0543547
2.03824
1.90768
1.12036
1.12036
6.13459
1.1812