1.397511959075927734375000000000
0.653564929962158203125000000000
0.743947088718414306640625000000
0.743947088718414306640625000000
0.098479993641376495361328125000
0.121679000556468963623046875000
0.077467381954193115234375000000
0.121679000556468963623046875000
0.265246987342834472656250000000
0.121679000556468963623046875000
0.148027360439300537109375000000
0.187779605388641357421875000000
0.480808973312377929687500000000
0.480808973312377929687500000000
0.480808973312377929687500000000
0.480808973312377929687500000000
0.440229773521423339843750000000
0.340660989284515380859375000000
0.337240993976593017578125000000
0.297688990831375122070312500000
0.337240993976593017578125000000
0.297688990831375122070312500000
0.140147984027862548828125000000
0.097564615309238433837890625000
0.039552003145217895507812500000
0.038178116083145141601562500000
0.039552003145217895507812500000
0.039552003145217895507812500000
0.001373887062072753906250000000
0.001373887062072753906250000000
0.000000000000000000000000000000
0.000000000000000000000000000000
