0.0415915
0.0415915
0.334999
0.37659
0.527014
0.341662
0.0356492
0.0356492
0.306013
0.561942
0.306896
1.2105
0.623842
0.879107
0.879107
0.955236
5.22017
1.45148
1.2034
1.2034
0.248084
0.293449
1.74493
0.741926
0.718743
0.0217532
0.0217532
0.69699
0.0927659
0.3516
0.3516
0.124795
0.476395
0.0761318
0.552527
0.258982
1.67535
4.56766
4.25445
0.252038
0.252038
9.46813
1.03549
1.03549
0.582934
0.0611714
0.0611714
1.33177
0.488523
0.0963521
0.0963521
0.212083
0.101459
0.101459
0.206975
0.180088
0.314883
0.803405
0.589538
0.225478
2.97646
0.66713
0.43843
0.338583
0.338583
0.0998473
0.228699
0.459658
0.416369
0.0393582
0.00178624
0.00178624
0.0118212
0.0136074
0.0257508
0.377011
0.710419
0.0859119
0.554397
0.554397
0.658303
3.38218
2.8676
1.79347
1.68907
0.484554
0.01
0.01
0.484554
0.0855607
0.570114
1.11895
0.104399
5.66901
2.25769
1.58879