0.368965446949005126953125000000
0.471314907073974609375000000000
0.444346129894256591796875000000
0.316605627536773681640625000000
0.033842537552118301391601562500
1.528684973716735839843750000000
0.152340948581695556640625000000
0.657000660896301269531250000000
0.137886926531791687011718750000
1.314428806304931640625000000000
0.108541071414947509765625000000
0.077206365764141082763671875000
1.176541924476623535156250000000
0.217932760715484619140625000000
0.512505888938903808593750000000
1.109481930732727050781250000000
0.438495397567749023437500000000
0.234230995178222656250000000000
0.155356034636497497558593750000
0.262737691402435302734375000000
0.593721568584442138671875000000
0.596975922584533691406250000000
0.581178426742553710937500000000
0.581178426742553710937500000000
0.000000000000000000000000000000
0.000000000000000000000000000000
0.000000000000000000000000000000
0.000000000000000000000000000000
