0.282012
0.282012
1.09086
1.37288
0.967556
0.345246
0.345246
0.62172
0.966965
0.80118
1.76815
0.572288
1.49999
0.283848
0.283848
3.55658
1.423
1.19675
0.0265658
0.0265658
0.952366
0.147556
0.147556
0.249542
0.397098
0.581834
0.217822
0.776608
0.612465
0.612465
1.3609
0.377928
0.337508
0.337508
2.01378
1.24343
3.59472
1.66871
0.889637
0.01
0.01
0.93835
0.575146
0.16855
0.16855
0.406596
0.363204
2.27153
2.64059
2.64059
0.569291
2.94318
5.25504
1.37375
1.37375
5.00029
1.14452
0.41279
0.0362127
0.0362127
0.376577
0.731734
5.22952
5.03407