0.020812956616282463073730468750
0.008378788828849792480468750000
1.991621375083923339843750000000
0.977516353130340576171875000000
0.317728579044342041015625000000
0.011853154748678207397460937500
1.497295856475830078125000000000
0.331944972276687622070312500000
0.421651721000671386718750000000
1.635389208793640136718750000000
0.120555557310581207275390625000
0.771418154239654541015625000000
1.014105200767517089843750000000
0.238824591040611267089843750000
0.523688971996307373046875000000
0.775280714035034179687500000000
0.470038384199142456054687500000
0.470038384199142456054687500000
0.107217386364936828613281250000
0.442319482564926147460937500000
0.335102081298828125000000000000
0.335102081298828125000000000000
0.172497883439064025878906250000
0.251591682434082031250000000000
0.000000000000000000000000000000
0.000000000000000000000000000000
