1.59135
1.59135
0.357942
0.327438
0.327438
1.14284
1.47027
0.479018
2.61685
1.32887
0.365288
0.365288
0.963578
2.97832
1.55913
1.54659
0.287592
0.287592
1.259
0.0125444
2.74805
0.258957
4.81024
0.01
0.01
1.21576
1.21576
0.854745
1.4453
1.4453
0.625201
0.285126
0.229184
0.229184
1.07938
0.746062
0.746062
0.562505
1.04706
3.93143
0.156028
0.156028
0.318001
0.0071716
0.0071716
0.221316
0.228487
0.245542
0.0378712
0.511901
0.00542758
0.517328
1.71536
2.23269
3.18232
0.645629
0.645629
3.83518
4.48081
0.934198
0.872047
3.08932