1.3579
1.3579
0.187975
1.54588
0.997592
0.00180827
0.00180827
0.542967
0.544775
0.0922567
0.637032
0.465759
1.10279
1.44068
0.166625
0.507222
0.303821
0.303821
0.203401
0.618506
0.815271
0.01
0.01
0.815271
0.310457
0.346064
0.199362
0.118143
0.118143
0.0812192
1.10268
1.30205
0.169745
1.2383
0.37579
0.228902
0.228902
2.85698
0.773545
2.21008
0.557057
0.557057
1.12475
0.0596642
0.0596642
0.130222
0.189886
0.659883
0.821489
0.821489
0.0282798
0.832037
0.0441714
0.912821
0.911685
0.354208
0.218931
0.0990958
0.0990958
0.119835
0.135278
0.557476
0.00113618
0.813156
0.484106
1.64934