0.196632593870162963867187500000
0.709843456745147705078125000000
0.420667976140975952148437500000
0.025429071858525276184082031250
0.347840696573257446289062500000
0.018013197928667068481445312500
0.002054695738479495048522949219
1.119427680969238281250000000000
0.100450634956359863281250000000
0.016484584659337997436523437500
1.411558508872985839843750000000
1.351814508438110351562500000000
0.438028603792190551757812500000
0.617684245109558105468750000000
0.019081519916653633117675781250
0.056369740515947341918945312500
1.016880750656127929687500000000
1.271075129508972167968750000000
0.399238109588623046875000000000
0.182943925261497497558593750000
0.310670018196105957031250000000
0.310670018196105957031250000000
0.310670018196105957031250000000
0.074994578957557678222656250000
0.254194408655166625976562500000
0.010769815184175968170166015625
0.243424594402313232421875000000
0.243424594402313232421875000000
0.235675454139709472656250000000
0.035905469208955764770507812500
0.059744052588939666748046875000
0.059744052588939666748046875000
0.000000000000000000000000000000
0.000000000000000000000000000000
0.000000000000000000000000000000
0.000000000000000000000000000000
0.000000000000000000000000000000
0.000000000000000000000000000000
