0.145095
0.145095
0.8283
0.973396
0.665001
1.6384
0.0683071
0.0949966
0.0949966
1.61171
0.891626
0.527988
0.171982
0.149047
0.128953
0.128953
0.0200943
0.0229344
0.356006
0.0461964
0.574184
0.556967
0.35143
0.35143
0.779721
1.46718
0.011204
1.31892
0.01
0.01
0.374995
0.374995
0.943922
0.140355
1.45927
1.09267
1.04427
1.04427
1.50767
0.0575933
0.152688
2.76222
4.64867
0.153246
0.153246
1.36127
1.14081
1.14081
0.189974
0.205277
0.205277
1.1255
0.183733
2.2081
2.98058
0.258676
0.00994052
0.00994052
0.0552891
0.0652297
0.193446
1.56569
0.12363
0.12363
0.0561485
0.067702
0.067702
0.112077
1.64458
0.455068
0.599225
0.599225
1.35937
1.9586
0.0897719
2.04837
0.203915
0.641736
0.566928
0.55371
0.55371
0.0132181
0.0748076
0.72955
1.37129
0.880997
0.0271471
0.701153
0.74203
3.68828