49 1
47 2
45 3
45 4
46 45
46 5
47 46
48 47
48 6
49 48
68 49
50 7
50 8
51 50
51 9
60 51
52 10
52 11
54 52
53 12
53 13
54 53
59 54
55 14
55 15
56 55
56 16
58 56
57 17
57 18
58 57
59 58
60 59
67 60
61 19
61 20
65 61
64 21
63 22
62 23
62 24
63 62
64 63
65 64
66 65
66 25
67 66
68 67
87 68
69 26
69 27
71 69
70 28
70 29
71 70
72 71
72 30
74 72
73 31
73 32
74 73
80 74
77 33
75 34
75 35
76 75
76 36
77 76
79 77
78 37
78 38
79 78
80 79
86 80
81 39
81 40
82 81
82 41
83 82
83 42
85 83
84 43
84 44
85 84
86 85
87 86