4.6597
0.0720248
0.0242482
0.0242482
0.0137914
0.0380396
0.0339852
1.20228
1.2743
3.3854
1.03557
0.489029
0.489029
1.2022
1.69122
1.07793
0.143614
0.143614
0.0605959
0.0754613
0.0754613
0.128749
1.10161
0.147834
0.147834
0.270831
0.418664
0.274929
0.391628
0.391628
0.301966
0.612223
1.46334
2.87617
0.487227
0.487227
0.430215
0.449475
0.218094
0.0872938
0.0872938
0.130801
0.23138
0.467968
1.21235
2.12979
3.51553
0.0499481
0.0160007
0.365845
0.365845
0.0232546
0.01
0.01
0.389099
0.385264
0.774363
0.0889463
0.00892495
0.00892495
0.854385
0.968605
0.331289
0.10987
0.10987
0.0252983
0.135169
0.196121
0.708209
0.408399
0.408399
0.6311
0.792417
0.102564
0.00654085
0.00654085
0.0320181
0.038559
0.113529
0.152088
1.10101
0.362536
0.362536
0.890559
0.681384
3.77679