48 1
48 2
56 48
50 3
49 4
49 5
50 49
55 50
51 6
51 7
53 51
52 8
52 9
53 52
54 53
54 10
55 54
56 55
57 56
57 11
63 57
58 12
58 13
59 58
59 14
62 59
60 15
60 16
61 60
61 17
62 61
63 62
87 63
70 18
66 19
64 20
64 21
65 64
65 22
66 65
67 66
67 23
69 67
68 24
68 25
69 68
70 69
86 70
71 26
71 27
73 71
72 28
72 29
73 72
85 73
74 30
74 31
76 74
75 32
75 33
76 75
78 76
77 34
77 35
78 77
84 78
79 36
79 37
80 79
80 38
83 80
81 39
81 40
82 81
82 41
83 82
84 83
85 84
86 85
87 86
88 87
88 42
93 88
89 43
89 44
92 89
91 45
90 46
90 47
91 90
92 91
93 92