0.516743
0.516743
1.51886
1.95006
1.95006
0.0855443
2.38228
2.80726
0.797441
0.175591
0.175591
0.62185
2.00982
1.61063
0.192166
0.403572
0.403572
0.995575
0.0251703
0.0251703
0.332068
0.357238
1.04191
3.2109
0.101277
0.01
0.01
4.5349
0.187927
0.187927
4.34698
0.176426
2.75472
0.261897
0.261897
0.146341
0.162727
0.162727
0.245512
4.10328
1.07785
1.07785
0.110787
1.18864
1.93426
0.358228
0.358228
0.18028
0.538508
0.186105
0.249407
0.249407
0.475206
1.58166
0.33323
0.33323
1.97305
0.816623
0.164234
1.51985
1.32055
0.0848576
0.0757737
0.0757737
0.00908386
0.452488
0.537346
0.783199
0.199304
1.76728
1.22439
0.393351
4.90487
2.56118