0.702169358730316162109375000000
0.944733560085296630859375000000
0.324290275573730468750000000000
0.324290275573730468750000000000
0.161972984671592712402343750000
0.010413116775453090667724609375
0.161972984671592712402343750000
0.592124938964843750000000000000
0.548686981201171875000000000000
0.112165242433547973632812500000
0.548686981201171875000000000000
0.786148965358734130859375000000
0.245669007301330566406250000000
0.381410956382751464843750000000
0.262880325317382812500000000000
0.074628628790378570556640625000
0.046514347195625305175781250000
0.262880325317382812500000000000
0.094192214310169219970703125000
0.216365978121757507324218750000
0.188251703977584838867187500000
0.153682127594947814941406250000
0.135746300220489501953125000000
0.135746300220489501953125000000
0.122173771262168884277343750000
0.122173771262168884277343750000
0.012065242975950241088867187500
0.025418277829885482788085937500
0.000004321336746215820312500000
0.000004321336746215820312500000
