49 1
49 2
50 49
50 3
95 50
71 4
70 5
57 6
53 7
52 8
51 9
51 10
52 51
53 52
56 53
54 11
54 12
55 54
55 13
56 55
57 56
62 57
59 14
58 15
58 16
59 58
61 59
60 17
60 18
61 60
62 61
64 62
63 19
63 20
64 63
69 64
66 21
65 22
65 23
66 65
68 66
67 24
67 25
68 67
69 68
70 69
71 70
89 71
79 26
72 27
72 28
74 72
73 29
73 30
74 73
78 74
75 31
75 32
76 75
76 33
77 76
77 34
78 77
79 78
88 79
80 35
80 36
87 80
81 37
81 38
82 81
82 39
84 82
83 40
83 41
84 83
86 84
85 42
85 43
86 85
87 86
88 87
89 88
94 89
90 44
90 45
92 90
91 46
91 47
92 91
93 92
93 48
94 93
95 94