0.571917235851287841796875000000
0.764353990554809570312500000000
0.132429689168930053710937500000
0.475026071071624755859375000000
0.146558254957199096679687500000
0.342596352100372314453125000000
0.131583318114280700683593750000
0.194095432758331298828125000000
0.007260442711412906646728515625
0.064454793930053710937500000000
0.001942679286003112792968750000
0.001942679286003112792968750000
0.128201007843017578125000000000
0.043145298957824707031250000000
0.128201007843017578125000000000
0.271256268024444580078125000000
0.128201007843017578125000000000
0.043145298957824707031250000000
0.128201007843017578125000000000
0.043145298957824707031250000000
0.760619759559631347656250000000
0.043145298957824707031250000000
0.253078013658523559570312500000
0.228110998868942260742187500000
0.253078013658523559570312500000
0.228110998868942260742187500000
0.253078013658523559570312500000
0.054759986698627471923828125000
0.094101592898368835449218750000
0.228110998868942260742187500000
0.632418870925903320312500000000
0.572972118854522705078125000000
0.632418870925903320312500000000
0.473563253879547119140625000000
0.632418870925903320312500000000
0.627452075481414794921875000000
0.535839319229125976562500000000
0.132613629102706909179687500000
0.024967014789581298828125000000
0.153338491916656494140625000000
0.265213191509246826171875000000
0.108453713357448577880859375000
0.489363610744476318359375000000
0.489363610744476318359375000000
0.132472500205039978027343750000
0.072059132158756256103515625000
0.091852948069572448730468750000
0.143011003732681274414062500000
0.323213428258895874023437500000
0.040564920753240585327148437500
0.464396595954895019531250000000
0.099090524017810821533203125000
0.388149142265319824218750000000
0.143011003732681274414062500000
0.102446094155311584472656250000
0.102446094155311584472656250000
0.380909919738769531250000000000
0.380909919738769531250000000000
0.034647285938262939453125000000
0.372543632984161376953125000000
0.356891095638275146484375000000
0.125316470861434936523437500000
0.337896347045898437500000000000
0.332887470722198486328125000000
0.336025118827819824218750000000
0.080222427845001220703125000000
0.019922444596886634826660156250
0.321385562419891357421875000000
0.321385562419891357421875000000
0.321385562419891357421875000000
0.321385562419891357421875000000
0.321385562419891357421875000000
0.321385562419891357421875000000
0.321385562419891357421875000000
0.301463127136230468750000000000
0.301463127136230468750000000000
0.255802690982818603515625000000
0.255802690982818603515625000000
0.150878846645355224609375000000
0.224150434136390686035156250000
0.096579559147357940673828125000
0.096579559147357940673828125000
0.076247468590736389160156250000
0.076247468590736389160156250000
0.073271587491035461425781250000
0.073271587491035461425781250000
0.005008887033909559249877929688
0.005008887033909559249877929688
0.004966780543327331542968750000
0.004966780543327331542968750000
0.000000000000000000000000000000
0.000000000000000000000000000000
0.000000000000000000000000000000
0.000000000000000000000000000000
0.000000000000000000000000000000
0.000000000000000000000000000000
0.000000000000000000000000000000
0.000000000000000000000000000000
0.000000000000000000000000000000
0.000000000000000000000000000000
0.000000000000000000000000000000
0.000000000000000000000000000000
