0.130649000406265258789062500000
0.055179037153720855712890625000
0.452944755554199218750000000000
0.182852149009704589843750000000
0.357188701629638671875000000000
1.392109751701354980468750000000
1.098348021507263183593750000000
0.682690441608428955078125000000
0.639375746250152587890625000000
0.654475033283233642578125000000
0.369858920574188232421875000000
0.348287969827651977539062500000
0.302564322948455810546875000000
0.047743342816829681396484375000
0.130386605858802795410156250000
0.258688628673553466796875000000
0.128302007913589477539062500000
0.128302007913589477539062500000
0.067614458501338958740234375000
0.006169688887894153594970703125
0.000000000000000000000000000000
0.000000000000000000000000000000
0.000000000000000000000000000000
0.000000000000000000000000000000
0.000000000000000000000000000000
0.000000000000000000000000000000
