2.236
2.236
1.1406
3.3766
1.27898
0.558819
0.558819
0.971884
0.974926
0.469858
0.01
0.01
0.469858
0.505069
0.555776
3.12488
0.859673
0.131773
0.131773
0.591994
0.723767
4.79149
6.95648
0.211383
0.211383
5.30713
0.461763
0.0366661
0.0366661
0.425097
5.05675
5.30943
0.240493
0.240493
0.349875
0.300523
0.300523
0.289844
0.189602
0.77997
0.0981527
0.878122
9.94982
1.64379
0.121442
0.272471
0.272471
5.16027
2.9368
2.9368
2.49594
7.16044
1.97936
0.374245
0.00609817
0.00609817
0.368147
3.38271
0.0150143
0.0150143
3.74194
1.75713
1.43132
0.728721
0.728721
0.702598
0.997483
0.219746
0.219746
0.117395
0.33714
0.87481
0.894004
0.894004
0.317946
1.21685
3.08528
9.05845