0.375248
0.089301
0.089301
0.285947
1.74405
2.1193
1.75179
3.43985
0.21789
0.00719294
0.00719294
0.210697
3.22196
0.431242
5.12776
0.172215
0.172215
2.10626
1.51015
1.51015
0.768322
6.72038
3.83365
10.9732
0.510174
0.510174
0.531741
0.120186
0.120186
0.921729
1.85129
0.986992
0.208366
0.0345537
0.0345537
0.173812
0.778626
1.90621
0.0799295
0.355416
0.355416
0.087545
0.442961
2.53017
2.24084
0.28343
0.133348
0.133348
0.150082
4.93055
5.75925
1.36726
7.06788
0.6778
0.6778
0.236854
0.914654
6.15322
1.17436
0.502276
0.502276
0.346641
0.848917
7.39332
4.09825
0.492018
2.6615
0.434913
0.434913
1.53956
1.97447
1.4211
0.18142
0.18142
1.2567
1.43812
1.95745
2.35808
4.25379
0.01
0.01
1.90759
1.52241
0.456777
0.450528
0.450528
0.0062488
1.06563
0.385179
2.3462
1.27424
1.66003
1.66003
3.86801
0.225611
9.74036