0.0426446
0.0426446
0.00160724
0.01
0.01
0.0442518
0.297012
0.341264
0.0567362
0.398
5.10437
1.79255
0.612064
0.612064
1.18049
1.42928
1.93637
1.93637
0.34458
0.633745
0.314537
0.314537
0.319209
0.69762
1.17658
0.424463
0.424463
0.477765
0.902228
0.274349
0.154788
0.203645
0.594061
0.594061
0.85077
1.04271
0.900988
0.900988
0.141724
0.135759
1.17847
0.26636
0.0901783
0.745939
0.940885
2.28054
6.94794
0.704205
0.143176
0.143176
0.561029
0.154693
0.803359
0.803359
0.0555387
4.93614
0.293937
0.293937
5.5011
6.65528