0.0469287
0.0469287
0.898581
0.945509
2.06008
0.0788303
0.0788303
0.698615
0.763586
0.763586
0.0138596
2.22815
0.863966
0.904565
0.904565
2.57788
0.922249
0.922249
0.443886
0.0295857
0.0295857
0.839429
0.869015
0.497119
1.25463
2.51795
2.51795
0.102813
0.861685
0.387114
0.980487
0.728181
0.476169
0.476169
0.252013
0.2206
0.363663
0.363663
0.585119
3.60599
3.80885
2.61376
1.21232
0.481008
0.481008
0.388447
0.869455
0.0437403
0.01
0.01
0.145715
0.141385
0.141385
0.0043301
0.767479
0.299126
0.319554
1.53188
1.08189
1.19508
0.745927
0.078303
2.10422
2.10422
0.0427673
0.226937
0.226937
0.519504
0.695656
0.695656
0.0507859
0.102444
0.716417
0.0025023
0.0025023
0.32742
0.329922
0.0261012
0.332731
0.332731
0.0232924
0.360394
0.11859
0.835007
0.0138785
1.2981
1.26451
0.272413
0.272413
3.13908
1.22158
0.216968