1.81309
1.04501
1.03888
0.276602
0.276602
0.318143
0.01
0.01
0.146395
0.146395
0.448351
0.444131
0.00613688
0.00927421
0.0397722
0.0317493
0.0317493
0.00802289
0.0502757
0.0900478
0.96424
0.758806
1.65044
2.05567
0.0115334
0.0115334
0.198708
0.210242
1.84543
0.394246
1.54592
0.49365
0.49365
0.52445
1.0181
0.14494
0.674079
0.465516
0.465516
0.208564
0.149404
0.823484
0.339555
0.382878
0.566923
1.71391
1.18149
0.988722
0.988722
0.192768
0.532417
0.398933
0.188053
0.809427
0.809427
1.49147
0.149025
0.514
2.96392
0.111009
1.16305
1.16305
1.91188
0.38861