3.69054
0.647825
0.577558
0.00400978
0.00400978
0.573549
0.0702664
0.0228495
0.670674
0.906249
1.20441
1.20441
0.372509
0.830577
1.76066
0.317271
0.317271
0.430491
0.747761
0.296018
0.952889
0.952889
0.0908911
0.716885
0.646836
0.917111
0.870289
0.0159279
0.0159279
0.512036
0.279796
0.279796
0.205994
0.48579
0.0421742
0.342325
2.45432
0.197589
1.06058
0.968295
0.248426
0.248426
0.71987
0.0922828
1.59758
0.10247
0.10247
2.55568
0.175071
1.30861
0.30277
0.30277
0.231108
0.249981
0.249981
0.283897
0.774732
1.52462
0.382455
0.114157
0.114157
0.496284
0.29662
0.0377999
0.0377999
0.25882
0.313821
2.60524
0.30652
0.16834
1.58474
1.58321
1.53534
1.53534
0.0478751
3.49424
0.267442
0.267442
1.43427
0.443376
0.443376
1.25834
2.15186
0.01
0.01
0.757979
0.757979
1.02506
1.78304
2.07054
1.22388
0.197827