82 1
50 2
49 3
48 4
48 5
49 48
50 49
51 50
51 6
53 51
52 7
52 8
53 52
59 53
58 9
54 10
54 11
55 54
55 12
57 55
56 13
56 14
57 56
58 57
59 58
65 59
64 15
60 16
60 17
63 60
61 18
61 19
62 61
62 20
63 62
64 63
65 64
81 65
68 21
67 22
66 23
66 24
67 66
68 67
70 68
69 25
69 26
70 69
75 70
74 27
71 28
71 29
73 71
72 30
72 31
73 72
74 73
75 74
80 75
76 32
76 33
79 76
78 34
77 35
77 36
78 77
79 78
80 79
81 80
82 81
93 82
84 37
83 38
83 39
84 83
92 84
85 40
85 41
87 85
86 42
86 43
87 86
91 87
88 44
88 45
89 88
89 46
90 89
90 47
91 90
92 91
93 92