4.17663
4.17663
0.526634
1.92809
1.92809
1.75809
0.613659
0.0925452
0.0925452
0.211875
0.30442
0.309238
2.24133
0.722605
0.722605
2.13238
0.831195
1.01708
0.905277
1.81012
0.217986
0.217986
0.251192
0.469178
0.301172
0.0188642
0.0188642
0.751485
1.03977
0.999085
2.56975
2.0347
2.0347
0.535054
0.239453
2.03799
0.757877
0.757877
1.10504
1.05022
1.05022
0.812688
1.72154
3.21773
3.01795
2.9278
2.08226
0.140224
0.140224
0.834592
0.974816
1.10745
0.559216
1.55353
1.55353
1.08795
0.286315
0.0901529
0.0902312
2.17828
2.17828
0.929898
0.109546
0.207037
0.01
0.01
0.799898
0.207749
0.196908
0.196908
0.010841
0.592149
2.27194
1.29571
1.29571
1.77613
0.352922
0.159691
0.117985
0.15865
0.0453945
0.0453945
0.113256
0.107387
0.266037
0.392692
0.65873
0.0711455
0.729875
2.97256
1.14476
0.76134