51 1
51 2
53 51
52 3
52 4
53 52
54 53
54 5
86 54
60 6
56 7
55 8
55 9
56 55
59 56
57 10
57 11
58 57
58 12
59 58
60 59
65 60
64 13
61 14
61 15
62 61
62 16
63 62
63 17
64 63
65 64
81 65
66 18
66 19
78 66
68 20
67 21
67 22
68 67
69 68
69 23
70 69
70 24
77 70
73 25
71 26
71 27
72 71
72 28
73 72
76 73
74 29
74 30
75 74
75 31
76 75
77 76
78 77
80 78
79 32
79 33
80 79
81 80
85 81
82 34
82 35
84 82
83 36
83 37
84 83
85 84
86 85
99 86
88 38
87 39
87 40
88 87
98 88
90 41
89 42
89 43
90 89
94 90
92 44
91 45
91 46
92 91
93 92
93 47
94 93
97 94
96 48
95 49
95 50
96 95
97 96
98 97
99 98