"","x"
"Cospeciations",1
"Host_Speciations",5
"Host_Extinctions",NA
"Symbiont_Speciations",5
"Symbiont_Extinctions",3
"Host_Spread/Switches",3
"Dispersals",NA
"Extirpations",NA
"Parafit_Stat",165.737313753901
"Parafit_P-value",0.01
