2.831
0.000830397
0.000830397
2.83017
0.881581
3.71258
8.01922
0.33983
0.33983
0.115705
0.308155
0.308155
0.123429
0.431584
0.0239516
1.05098
0.0582018
0.0582018
0.194438
0.252639
1.25387
3.59292
0.547079
0.547079
0.551737
1.09882
3.38457
0.01
0.01
0.161552
0.161552
0.793816
0.445679
0.445679
0.509689
1.76576
0.511173
0.511173
2.20996
1.76225
0.616049
0.1165
0.627301
0.627301
2.321
0.173526
0.173526
0.134092
0.307618
0.69295
1.00057
0.814184
0.256032
0.128288
0.128288
0.0650168
0.193304
0.0627279
1.55872
1.13355
2.26764
0.834585
0.612817
0.612817
3.77822
0.867811
0.541965
0.189637
0.189637
0.352328
0.325846
3.52323
1.65948
5.68128
2.51659
1.94115
1.94115
1.8289
2.1069
0.543149
0.543149
1.56376
0.971848
0.303087
0.303087
2.77567
0.691296
10.4783