2.1703
0.01
0.01
1.58668
0.0801111
0.0801111
0.152441
0.232552
1.35413
0.176896
0.271983
0.271983
1.40555
0.672265
0.636702
0.636702
0.0355632
1.00527
0.0860433
0.406719
2.05698
1.3219
1.18462
0.221834
0.221834
0.607421
0.829254
0.355369
0.137278
1.96253
1.51076
0.232083
0.00696279
0.00696279
0.22512
1.27868
1.77368
0.94284
3.34138
0.44932
0.44932
3.06881
0.315872
0.315872
3.20226
1.32532
0.372358
0.372358
4.47109
0.0156655
0.0206477
0.0206477
0.00523697
0.0258847
4.83323
2.02274
0.590326
0.128987
0.128987
0.461339
2.75818
3.34851
0.620809
1.77932
1.77932
2.19
2.91254
0.686796
0.867357
1.32556
0.79799
0.0573901
0.0476619
0.0476619
0.00972814
0.7406
0.481158
0.628119
0.628119
0.651029
0.0464143
7.11045