0.951057970523834228515625000000
0.551392376422882080078125000000
0.959640979766845703125000000000
0.170041590929031372070312500000
0.789599418640136718750000000000
0.789599418640136718750000000000
0.089300990104675292968750000000
0.089300990104675292968750000000
0.089300990104675292968750000000
0.089300990104675292968750000000
0.089300990104675292968750000000
0.089300990104675292968750000000
0.000000000000000000000000000000
0.000000000000000000000000000000
0.000000000000000000000000000000
0.000000000000000000000000000000
