0.660633
0.0574297
0.0574297
0.603203
1.61592
0.341013
0.0931505
0.0931505
0.00506361
0.0982141
0.242799
0.821378
0.297261
0.01
0.01
0.297261
0.86513
1.11416
4.43158
2.37499
0.0348008
0.0348008
0.484031
0.518831
1.85616
0.0989558
0.520964
0.0951779
0.0951779
0.425786
1.91765
0.0576818
0.0576818
0.24078
0.298462
0.573806
0.872268
1.56634
0.0353329
0.813373
0.363117
0.363117
1.2453
1.60842
1.6789
3.00946
6.29678
0.411358
1.80437
3.87373
1.68757
1.0765
0.116572
0.116572
0.333679
0.0920555
0.0920555
0.358195
0.626251
0.611068
2.18616
1.58878
0.232534
0.232534
5.22997
3.05
11.4584
7.79905
7.79905
12.1719