53 1
50 2
50 3
52 50
51 4
51 5
52 51
53 52
58 53
55 6
54 7
54 8
55 54
56 55
56 9
57 56
57 10
58 57
61 58
60 11
59 12
59 13
60 59
61 60
97 61
62 14
62 15
63 62
63 16
75 63
65 17
64 18
64 19
65 64
67 65
66 20
66 21
67 66
74 67
70 22
68 23
68 24
69 68
69 25
70 69
73 70
71 26
71 27
72 71
72 28
73 72
74 73
75 74
77 75
76 29
76 30
77 76
78 77
78 31
96 78
88 32
87 33
86 34
79 35
79 36
85 79
83 37
80 38
80 39
82 80
81 40
81 41
82 81
83 82
84 83
84 42
85 84
86 85
87 86
88 87
92 88
89 43
89 44
91 89
90 45
90 46
91 90
92 91
95 92
94 47
93 48
93 49
94 93
95 94
96 95
97 96