1.90254
1.18495
1.18495
0.0947081
0.01
0.01
1.27966
0.622886
0.846642
1.0295
0.42569
0.42569
0.603813
0.390023
1.41953
1.12584
2.54537
0.203817
1.27587
1.32432
1.15925
1.15925
0.165063
2.70075
1.63324
0.223607
0.223607
0.488901
0.712508
1.62109
1.03578
0.859174
0.859174
0.176609
0.120157
0.0307562
0.0307562
1.12518
0.460953
1.10786
0.322336
0.322336
0.169419
0.491755
0.616102
0.0956678
0.153408
0.153408
0.158882
0.31229
0.891235
0.413367
0.716708
0.365983
0.146124
0.146124
2.55346
1.47701
4.1766
0.0359868
2.64304
2.32811
1.18623
0.124542
0.124542
1.02149
0.606169
0.0979437
0.0979437
0.214553
0.189074
0.189074
0.123423
0.293673
0.198472
0.804641
0.341388
0.0401982
1.14189
0.31493
0.567623
0.141942
0.141942
0.926663
0.29075
0.29075
0.777854
2.14206
0.447076
0.275832
0.197226
0.197226
0.0786062
3.38191
0.554844
1.44572