60 1
50 2
50 3
51 50
51 4
52 51
52 5
53 52
53 6
59 53
54 7
54 8
55 54
55 9
58 55
56 10
56 11
57 56
57 12
58 57
59 58
60 59
73 60
61 13
61 14
62 61
62 15
63 62
63 16
64 63
64 17
70 64
67 18
66 19
65 20
65 21
66 65
67 66
69 67
68 22
68 23
69 68
70 69
72 70
71 24
71 25
72 71
73 72
97 73
76 26
74 27
74 28
75 74
75 29
76 75
96 76
77 30
77 31
91 77
78 32
78 33
79 78
79 34
90 79
83 35
81 36
80 37
80 38
81 80
82 81
82 39
83 82
87 83
85 40
84 41
84 42
85 84
86 85
86 43
87 86
88 87
88 44
89 88
89 45
90 89
91 90
95 91
92 46
92 47
94 92
93 48
93 49
94 93
95 94
96 95
97 96