51 1
51 2
52 51
52 3
62 52
61 4
57 5
55 6
53 7
53 8
54 53
54 9
55 54
56 55
56 10
57 56
60 57
59 11
58 12
58 13
59 58
60 59
61 60
62 61
70 62
69 14
63 15
63 16
66 63
64 17
64 18
65 64
65 19
66 65
68 66
67 20
67 21
68 67
69 68
70 69
99 70
71 22
71 23
72 71
72 24
76 72
73 25
73 26
75 73
74 27
74 28
75 74
76 75
77 76
77 29
91 77
88 30
79 31
78 32
78 33
79 78
80 79
80 34
87 80
81 35
81 36
82 81
82 37
86 82
85 38
84 39
83 40
83 41
84 83
85 84
86 85
87 86
88 87
90 88
89 42
89 43
90 89
91 90
98 91
92 44
92 45
97 92
93 46
93 47
94 93
94 48
96 94
95 49
95 50
96 95
97 96
98 97
99 98