0.01
0.01
3.59352
3.59352
0.144537
1.94404
1.13838
0.468263
0.0438692
0.0438692
0.249618
0.293487
0.174776
0.312879
0.781143
0.357234
0.201053
1.28162
1.11129
1.11129
0.170335
0.0578077
0.60461
1.79402
0.318914
3.46263
0.212211
0.212211
0.81382
0.492579
0.492579
0.0833364
0.575916
0.450115
1.11394
0.661826
0.661826
1.47815
1.32266
0.594343
3.8585
0.0682153
0.0682153
0.269267
0.337482
0.564079
0.0268844
0.0268844
0.31128
0.326531
0.326531
0.0116336
0.563397
0.935046
1.83661
4.93258
2.52873
0.0421213
0.0120712
0.0120712
0.0300501
0.339273
0.381394
1.78105
0.116166
0.116166
0.00617236
0.122339
1.50175
1.60585
1.18013
0.125214
0.125214
1.05492
0.42572
0.0182398
0.538348
0.366293
1.68345
3.38323
3.38323
0.828953
2.55701
0.221355
0.0199556
0.0199556
2.55575
0.0843196
0.0843196
0.337487
0.421807
0.824163
0.0498796
0.0498796
1.19609
1.32974
4.41484
0.924926