47 1
46 2
46 3
47 46
49 47
48 4
48 5
49 48
58 49
50 6
50 7
54 50
52 8
51 9
51 10
52 51
53 52
53 11
54 53
55 54
55 12
57 55
56 13
56 14
57 56
58 57
89 58
76 15
59 16
59 17
61 59
60 18
60 19
61 60
63 61
62 20
62 21
63 62
66 63
64 22
64 23
65 64
65 24
66 65
75 66
69 25
68 26
67 27
67 28
68 67
69 68
70 69
70 29
74 70
72 30
71 31
71 32
72 71
73 72
73 33
74 73
75 74
76 75
88 76
79 34
77 35
77 36
78 77
78 37
79 78
87 79
82 38
80 39
80 40
81 80
81 41
82 81
86 82
83 42
83 43
84 83
84 44
85 84
85 45
86 85
87 86
88 87
89 88