2.19926
0.923258
0.0887871
0.0887871
0.742176
0.382305
0.382305
0.448659
0.0922947
0.0518511
0.60107
0.60107
0.282171
0.883241
0.091868
1.22415
2.09861
1.07155
0.123394
0.123394
0.948161
2.10708
0.968666
0.01
0.01
0.140428
0.140428
0.828238
2.20997
1.11923
0.148036
0.874163
0.874163
3.57174
1.77607
0.446386
0.446386
1.54125
1.98764
0.175919
1.12226
1.12226
0.0443251
0.671473
0.259077
0.259077
0.412396
0.495109
0.416377
1.58296
0.580595
0.664468
0.762346
0.762346
1.31763
2.07997
0.748049
2.52111
3.16584
0.0356449
0.0356449
2.45856
2.4942
0.671635
2.1833
0.872842