3.3275
0.128831
0.128831
2.9677
1.69736
0.01
0.01
1.59392
1.59392
0.103437
1.39917
0.0130626
3.10959
0.108639
1.44167
0.133192
0.133192
1.30848
0.332039
1.77371
0.485573
0.471261
0.0845428
0.0845428
0.386718
0.335837
0.807098
0.475722
1.28282
0.976464
0.958949
0.109264
7.25258
0.122014
0.122014
1.24354
1.36555
9.21453
7.33386
1.52154
1.08052
1.08052
0.441021
0.0806283
1.60217
1.64769
0.464121
0.429056
0.429056
0.0350647
0.597713
0.00352183
0.00352183
0.0655609
0.0690827
0.67678
0.055048
0.055048
0.427276
0.209817
0.209817
0.272507
0.263538
0.315971
0.98329
0.216706
0.216706
1.82842
1.20473
1.99754
5.24739
9.10353
0.371866
0.371866
13.9791
2.9403
8.27625
2.41166
2.41166
5.86458
9.01498
0.622716