1.29828
1.29828
4.51169
0.197634
0.00852306
0.00852306
0.189111
0.600728
0.394778
0.171007
0.171007
0.22377
0.0441446
0.438922
0.0645362
0.339612
0.19007
0.19007
0.149543
0.163846
0.0736921
0.57715
0.221212
0.249788
0.0709817
0.0709817
0.977168
0.546409
0.0346607
0.0346607
0.832005
0.866666
0.353337
0.01
0.01
1.22
0.374556
1.16917
0.43057
0.43057
0.930248
1.36082
1.40291
3.04625
3.41543
0.605531
0.605531
1.10303
0.226438
0.226438
0.974489
1.20093
0.507637
0.290098
0.681444
0.681444
0.0637882
0.658711
0.208496
0.208496
0.450215
0.086522
1.25343
2.00511
2.32665
0.00819414
0.00819414
0.925398
0.305261
0.305261
0.628331
1.20917
2.14276
0.183884
1.67713
5.22163