2.11036
0.00916398
0.00916398
0.671246
0.340617
0.163515
0.163515
0.177102
0.339792
1.42996
0.552551
0.377813
0.377813
0.848361
0.055803
0.055803
0.332267
0.343545
0.343545
0.0445251
0.773299
1.16137
0.0648039
1.43674
1.59313
0.0619002
0.0619002
0.130376
0.192276
0.776318
0.968594
2.37933
2.33062
1.04891
1.04891
1.28171
1.0173
0.532142
2.67637
1.3049
0.588039
0.588039
0.716858
0.416146
0.01
0.01
1.72104
0.0592104
0.682776
0.682776
1.09748
0.0806312
1.33062
0.451834
0.451834
0.616254
1.06809
0.262531
0.440935
1.77155
0.0893299
0.815486
1.20369
0.375986
2.38566
0.572172
0.572172
0.613081
1.18525
5.45646