0.364366
0.364366
0.080681
0.445047
2.39347
2.83852
0.726445
1.1694
0.38923
0.38923
0.336358
0.548893
0.548893
0.176695
0.443808
1.80008
0.993038
0.139789
0.139789
0.853249
0.638596
1.63163
1.33784
0.0251364
0.0215359
0.0215359
0.055154
0.07669
2.43303
1.24745
1.24745
1.26227
0.478802
1.85067
0.485519
0.150875
0.150875
0.334644
0.757479
1.243
0.607674
1.13785
0.00608726
0.570351
0.289032
0.134144
0.134144
2.90058
0.0384613
0.0384613
2.99626
0.358695
2.71584
2.00604
0.535413
0.501485
0.501485
0.0339278
0.0148948
0.299251
0.299251
0.251057
1.45574
0.709796
0.677575
0.46058
1.36428
2.20567
0.338851
0.338851
0.218912
0.01
0.01
0.557763
1.64791
1.71177
0.056633
0.056633
2.13016
1.32681
1.32681
0.859982
1.73065
1.30084