0.796301424503326416015625000000
0.022353224456310272216796875000
1.088359236717224121093750000000
0.439182281494140625000000000000
1.059555530548095703125000000000
0.659867227077484130859375000000
0.618550300598144531250000000000
0.005354372318834066390991210938
0.036047834903001785278320312500
0.142022579908370971679687500000
0.616079211235046386718750000000
0.011271124705672264099121093750
0.831278204917907714843750000000
0.790963590145111083984375000000
0.736574649810791015625000000000
0.167303159832954406738281250000
0.534663140773773193359375000000
0.585148215293884277343750000000
0.425572484731674194335937500000
0.559560120105743408203125000000
0.478908777236938476562500000000
0.284696131944656372070312500000
0.125997483730316162109375000000
0.226470068097114562988281250000
0.043022170662879943847656250000
0.194212645292282104492187500000
0.026090227067470550537109375000
0.151190459728240966796875000000
0.014804694801568984985351562500
0.143698915839195251464843750000
0.128894224762916564941406250000
0.128894224762916564941406250000
0.100472584366798400878906250000
0.100472584366798400878906250000
0.000000000000000000000000000000
0.000000000000000000000000000000
0.000000000000000000000000000000
0.000000000000000000000000000000
0.000000000000000000000000000000
0.000000000000000000000000000000
0.000000000000000000000000000000
0.000000000000000000000000000000
0.000000000000000000000000000000
0.000000000000000000000000000000
0.000000000000000000000000000000
0.000000000000000000000000000000
0.000000000000000000000000000000
0.000000000000000000000000000000
0.000000000000000000000000000000
0.000000000000000000000000000000
0.000000000000000000000000000000
0.000000000000000000000000000000
0.000000000000000000000000000000
0.000000000000000000000000000000
0.000000000000000000000000000000
0.000000000000000000000000000000
