0.258926391601562500000000000000
0.970833897590637207031250000000
0.072963982820510864257812500000
0.138193890452384948730468750000
0.054427761584520339965820312500
0.928482055664062500000000000000
0.338660061359405517578125000000
0.498626649379730224609375000000
0.114411152899265289306640625000
0.391998559236526489257812500000
0.850421428680419921875000000000
0.122436583042144775390625000000
0.145293459296226501464843750000
0.754595458507537841796875000000
0.122683838009834289550781250000
0.529131770133972167968750000000
0.438703060150146484375000000000
0.134180814027786254882812500000
0.361455678939819335937500000000
0.108255296945571899414062500000
0.534525454044342041015625000000
0.027972944080829620361328125000
0.089398123323917388916015625000
0.385574847459793090820312500000
0.501046717166900634765625000000
0.058053735643625259399414062500
0.128554522991180419921875000000
0.442992955446243286132812500000
0.417154431343078613281250000000
0.206457912921905517578125000000
0.250793069601058959960937500000
0.379167765378952026367187500000
0.063569359481334686279296875000
0.206380844116210937500000000000
0.590458214282989501953125000000
0.230003237724304199218750000000
0.210696488618850708007812500000
0.210696488618850708007812500000
0.041465453803539276123046875000
0.041465453803539276123046875000
0.360455006361007690429687500000
0.274613350629806518554687500000
0.360455006361007690429687500000
0.061863556504249572753906250000
0.008188685402274131774902343750
0.360455006361007690429687500000
0.360455006361007690429687500000
0.360455006361007690429687500000
0.200276806950569152832031250000
0.180878102779388427734375000000
0.360455006361007690429687500000
0.100739911198616027832031250000
0.360455006361007690429687500000
0.183312267065048217773437500000
0.360455006361007690429687500000
0.360455006361007690429687500000
0.191445201635360717773437500000
0.360455006361007690429687500000
0.360455006361007690429687500000
0.360455006361007690429687500000
0.062876589596271514892578125000
0.360455006361007690429687500000
0.360455006361007690429687500000
0.360455006361007690429687500000
0.298591434955596923828125000000
0.298591434955596923828125000000
0.297578394412994384765625000000
0.297578394412994384765625000000
0.253174781799316406250000000000
0.259715080261230468750000000000
0.169009804725646972656250000000
0.169009804725646972656250000000
0.038180973380804061889648437500
0.160178214311599731445312500000
0.121997237205505371093750000000
0.121997237205505371093750000000
0.006540298461914062500000000000
0.006540298461914062500000000000
0.000005036592483520507812500000
0.000005036592483520507812500000
0.000000000000000000000000000000
0.000005036592483520507812500000
0.000005036592483520507812500000
0.000005036592483520507812500000
0.000005036592483520507812500000
0.000005036592483520507812500000
0.000005036592483520507812500000
0.000005036592483520507812500000
0.000005036592483520507812500000
0.000005036592483520507812500000
0.000005036592483520507812500000
0.000005036592483520507812500000
0.000005036592483520507812500000
0.000005036592483520507812500000
0.000005036592483520507812500000
0.000005036592483520507812500000
0.000005036592483520507812500000
0.000005036592483520507812500000
0.000005036592483520507812500000
0.000005036592483520507812500000
0.000005036592483520507812500000
0.000005036592483520507812500000
0.000005036592483520507812500000
0.000005036592483520507812500000
0.000005036592483520507812500000
0.000005036592483520507812500000
0.000005036592483520507812500000
0.000005036592483520507812500000
0.000005036592483520507812500000
0.000005036592483520507812500000
0.000005036592483520507812500000
0.000005036592483520507812500000
0.000005036592483520507812500000
0.000005036592483520507812500000
0.000005036592483520507812500000
0.000005036592483520507812500000
0.000005036592483520507812500000
0.000005036592483520507812500000
0.000005036592483520507812500000
0.000005036592483520507812500000
0.000005036592483520507812500000
0.000005036592483520507812500000
0.000005036592483520507812500000
0.000005036592483520507812500000
0.000005036592483520507812500000
0.000005036592483520507812500000
0.000005036592483520507812500000
0.000005036592483520507812500000
0.000005036592483520507812500000
0.000005036592483520507812500000
0.000005036592483520507812500000
0.000005036592483520507812500000
0.000005036592483520507812500000
0.000005036592483520507812500000
0.000005036592483520507812500000
0.000005036592483520507812500000
