0.581599473953247070312500000000
0.837646067142486572265625000000
1.085515499114990234375000000000
0.510939955711364746093750000000
0.836978852748870849609375000000
0.430924713611602783203125000000
0.292940944433212280273437500000
0.296664357185363769531250000000
0.378483414649963378906250000000
0.118348360061645507812500000000
0.492447972297668457031250000000
0.492447972297668457031250000000
0.332885265350341796875000000000
0.332885265350341796875000000000
0.014039444737136363983154296875
0.325375258922576904296875000000
0.056196827441453933715820312500
0.311335802078247070312500000000
0.000000000000000000000000000000
0.000000000000000000000000000000
0.000000000000000000000000000000
0.000000000000000000000000000000
0.000000000000000000000000000000
0.000000000000000000000000000000
0.000000000000000000000000000000
0.000000000000000000000000000000
