1.43104
1.06187
0.14787
0.14787
0.515831
0.337117
0.337117
0.326584
0.398165
0.369177
2.62371
0.726523
0.469035
0.469035
0.257488
0.156828
0.883351
0.187156
0.0142191
0.0142191
1.05629
1.3265
0.917182
0.00611853
0.00611853
0.0638101
0.0699286
0.847253
0.896156
0.798554
0.459298
0.01
0.01
0.459298
0.22521
0.359851
0.359851
0.324657
0.114047
0.214658
0.12965
0.12965
0.245398
0.326139
0.230768
0.015679
0.015679
0.215089
0.0109204
0.175427
0.175427
0.066262
0.08445
0.0489092
0.638164
0.381035
1.39425
0.419091
0.583668
0.590858
0.449426
0.449426
2.53844
1.06689
0.506298
0.922943
0.922943
0.77324
1.69618
2.86487