0.257099568843841552734375000000
0.213696569204330444335937500000
0.559133410453796386718750000000
0.235185354948043823242187500000
0.515730440616607666015625000000
1.149700284004211425781250000000
0.323948085308074951171875000000
0.323948085308074951171875000000
0.633969843387603759765625000000
0.609370648860931396484375000000
0.633969843387603759765625000000
0.755358219146728515625000000000
0.233504891395568847656250000000
0.664359569549560546875000000000
0.318651854991912841796875000000
1.227169990539550781250000000000
0.024599209427833557128906250000
0.024599209427833557128906250000
0.155354455113410949707031250000
0.593188941478729248046875000000
0.365459024906158447265625000000
0.593188941478729248046875000000
0.279172867536544799804687500000
0.150302156805992126464843750000
0.365459024906158447265625000000
0.593188941478729248046875000000
0.365459024906158447265625000000
0.268434792757034301757812500000
0.471811830997467041015625000000
0.025200229138135910034179687500
0.446611583232879638671875000000
0.446611583232879638671875000000
0.370806246995925903320312500000
0.442886829376220703125000000000
0.086286142468452453613281250000
0.086286142468452453613281250000
0.119711086153984069824218750000
0.227741152048110961914062500000
0.147157996892929077148437500000
0.227741152048110961914062500000
0.129013925790786743164062500000
0.227741152048110961914062500000
0.147157996892929077148437500000
0.227741152048110961914062500000
0.147157996892929077148437500000
0.227741152048110961914062500000
0.027446899563074111938476562500
0.027446899563074111938476562500
0.018144067376852035522460937500
0.018144067376852035522460937500
0.067928247153759002685546875000
0.080583155155181884765625000000
0.018300449475646018981933593750
0.080583155155181884765625000000
0.080583155155181884765625000000
0.080583155155181884765625000000
0.080583155155181884765625000000
0.080583155155181884765625000000
0.080583155155181884765625000000
0.080583155155181884765625000000
0.058383043855428695678710937500
0.043352104723453521728515625000
0.080583155155181884765625000000
0.068991944193840026855468750000
0.062282703816890716552734375000
0.062282703816890716552734375000
0.037231050431728363037109375000
0.037231050431728363037109375000
0.022200107574462890625000000000
0.022200107574462890625000000000
0.011591211892664432525634765625
0.002992182038724422454833984375
0.008599029853940010070800781250
0.008599029853940010070800781250
0.000011146068572998046875000000
0.000011146068572998046875000000
0.000011146068572998046875000000
0.000011146068572998046875000000
0.000011146068572998046875000000
0.000011146068572998046875000000
0.000011146068572998046875000000
0.000011146068572998046875000000
