0.451135039329528808593750000000
0.959398090839385986328125000000
0.608481764793395996093750000000
0.122451022267341613769531250000
1.072866916656494140625000000000
0.529109239578247070312500000000
1.040601849555969238281250000000
0.354145228862762451171875000000
0.341019630432128906250000000000
0.118848115205764770507812500000
0.216760590672492980957031250000
0.162297978997230529785156250000
0.216758936643600463867187500000
0.382602959871292114257812500000
0.108646474778652191162109375000
0.165844008326530456542968750000
0.057197537273168563842773437500
0.057197537273168563842773437500
