0.298303
0.298303
0.0975674
0.39587
0.14085
0.40311
0.0558839
0.0558839
0.347226
0.133609
0.560554
1.09727
4.45232
2.64335
0.205282
0.205282
0.0919014
0.297183
1.81196
0.0205844
0.0205844
1.80576
1.82634
0.2828
0.534211
2.90624
11.7013
0.389871
0.389871
0.0589532
0.448825
15.8714
0.555895
0.555895
0.565757
1.04341
0.0345863
0.0345863
0.293571
0.01
0.01
0.328157
0.715253
0.0782414
3.83719
0.0656828
0.0656828
0.0501476
0.11583
0.16614
0.28197
0.473559
0.0207343
0.0207343
0.734795
2.28145
0.633577
0.633577
0.445375
0.99004
0.00625444
0.00625444
0.983786
0.0889116
1.6007
0.102585
0.102585
2.57707
0.357326
0.61702
1.86724
0.832104
0.494206
0.494206
0.124394
0.6186
0.213504
1.03513
1.78676
1.30484
11.3614
0.930636