Event,Frequency (%)
Cospeciation,10
Loss,31
Switch,53
Duplication,6
