Event,Frequency (%)
Cospeciation,6
Loss,12
Switch,50
Duplication,32
