Event,Frequency (%)
Cospeciation,6
Loss,1
Switch,56
Duplication,37
