Event,Frequency (%)
Cospeciation,8
Loss,3
Switch,61
Duplication,28
