51 1
47 2
47 3
48 47
48 4
49 48
49 5
50 49
50 6
51 50
54 51
53 7
52 8
52 9
53 52
54 53
91 54
55 10
55 11
90 55
56 12
56 13
57 56
57 14
60 57
59 15
58 16
58 17
59 58
60 59
62 60
61 18
61 19
62 61
66 62
63 20
63 21
65 63
64 22
64 23
65 64
66 65
73 66
69 24
68 25
67 26
67 27
68 67
69 68
72 69
70 28
70 29
71 70
71 30
72 71
73 72
89 73
74 31
74 32
75 74
75 33
82 75
77 34
76 35
76 36
77 76
81 77
79 37
78 38
78 39
79 78
80 79
80 40
81 80
82 81
88 82
83 41
83 42
87 83
84 43
84 44
86 84
85 45
85 46
86 85
87 86
88 87
89 88
90 89
91 90