1.87516
0.17084
0.17084
1.70432
2.1699
0.01
0.01
0.42673
0.42673
3.61833
2.12656
0.155455
0.155455
0.222123
0.254559
0.254559
0.123019
1.3095
0.815222
0.815222
0.617387
0.16021
0.16021
1.2724
0.254473
2.20772
0.48318
0.48318
1.3855
1.86868
0.641575
0.437333
0.0430631
0.0430631
0.39427
0.996381
1.43371
1.07654
0.508771
1.72518
0.457152
0.0881062
0.0881062
0.178532
0.217796
0.217796
0.0488422
0.190514
0.958676
1.41583
0.30935
0.134039
0.265853
0.0361604
0.0361604
0.0128235
0.0489839
0.0840635
0.133047
0.132805
1.59336
1.1598
0.875783
0.564367
0.9673
0.9673
0.590945
1.07092
1.07092
0.487327
2.90093
0.886761
0.262933
0.262933
0.33519
0.598123
0.352572
0.950695
4.39524
0.825684