49 1
45 2
45 3
48 45
46 4
46 5
47 46
47 6
48 47
49 48
51 49
50 7
50 8
51 50
87 51
52 9
52 10
54 52
53 11
53 12
54 53
64 54
60 13
55 14
55 15
56 55
56 16
57 56
57 17
59 57
58 18
58 19
59 58
60 59
62 60
61 20
61 21
62 61
63 62
63 22
64 63
86 64
65 23
65 24
66 65
66 25
68 66
67 26
67 27
68 67
69 68
69 28
71 69
70 29
70 30
71 70
75 71
73 31
72 32
72 33
73 72
74 73
74 34
75 74
81 75
76 35
76 36
78 76
77 37
77 38
78 77
80 78
79 39
79 40
80 79
81 80
85 81
82 41
82 42
84 82
83 43
83 44
84 83
85 84
86 85
87 86