4.72922
1.21571
1.21571
3.44879
2.43017
2.43017
2.23433
0.0647226
1.34591
0.907758
0.907758
4.53071
2.2873
0.01
0.01
0.141532
0.0265612
0.0265612
0.11497
0.914678
0.154838
0.154838
0.901371
1.23109
1.13446
1.99594
1.21733
1.21733
0.0679803
0.0219039
0.0219039
1.26341
0.697331
0.357175
0.357175
0.0570075
0.0927427
0.0927427
0.32144
1.56846
0.0132997
1.01876
2.17758
1.56464
1.40574
0.763696
0.763696
0.642047
0.158898
0.369113
0.345789
0.345789
1.58796
0.24383
0.837123
0.407058
0.689114
0.242495
0.242495
0.246437
0.488932
3.62195
1.32759
0.636671