1.092147946357727050781250000000
0.310796052217483520507812500000
0.164173901081085205078125000000
0.768990039825439453125000000000
0.667660593986511230468750000000
0.350922673940658569335937500000
0.392755448818206787109375000000
0.134602338075637817382812500000
0.214903473854064941406250000000
0.258153110742568969726562500000
0.138862013816833496093750000000
0.138862013816833496093750000000
0.076017469167709350585937500000
0.076017469167709350585937500000
0.043249636888504028320312500000
0.043249636888504028320312500000
