0.0918394
0.0918394
0.714456
0.512473
0.512473
0.293822
0.18103
0.987325
0.880006
0.00250501
0.00250501
0.371762
0.374267
1.49306
1.46997
2.73949
2.73949
0.597807
0.285517
0.932644
0.31369
0.31369
0.618955
1.38231
1.16413
0.530145
0.269
0.269
0.261146
0.633984
0.00170481
0.558654
0.558654
0.60718
1.14912
1.30786
0.623161
4.24598
0.168641
0.0745316
0.0745316
4.34009
5.17635
0.812038
0.260823
0.260823
0.551215
8.42632
2.23904
2.23904
0.285783
1.15452
1.15452
1.3703
1.56417
0.01
0.01
2.79789
2.79789
1.2911
5.14936
0.352616