0.550816118717193603515625000000
0.091571107506752014160156250000
0.938232481479644775390625000000
0.636416673660278320312500000000
0.070835046470165252685546875000
0.767561078071594238281250000000
0.970196485519409179687500000000
0.538841664791107177734375000000
0.504451215267181396484375000000
0.504450142383575439453125000000
0.431353747844696044921875000000
0.431354820728302001953125000000
0.000001072883605957031250000000
0.000001072883605957031250000000
0.000001072883605957031250000000
0.000001072883605957031250000000
