0.244871
0.185387
0.185387
0.0594842
0.319618
0.396823
0.396823
0.0332589
0.1984
0.160718
0.160718
0.037682
0.231682
0.134407
1.201
0.399075
0.399075
0.400992
0.800067
0.965421
0.280412
0.0731462
0.0731462
0.0888568
0.162003
1.8839
3.25732
0.129422
0.129422
0.0307303
0.160152
2.56537
0.01
0.01
2.72552
2.57769
0.676897
2.2885
0.0413847
0.0413847
2.24711
3.69161
0.378473
1.01247
1.01247
0.544908
1.55737
0.841185
0.736854
0.231302
0.11367
0.11367
0.117632
0.505552
0.902431
1.63929
0.759274
0.10983
0.247076
0.247076
2.26131
3.14384
0.583313
0.583313
5.06891
0.706358