0.0364261
0.0364261
3.38099
0.01
0.01
1.08222
1.08222
0.142693
1.22491
2.03593
0.296457
0.012033
0.012033
0.284424
2.96438
0.156576
8.96881
1.64276
1.64276
7.91537
1.72719
0.375667
0.375667
0.0761929
0.45186
1.27533
4.16434
5.89152
0.684547
1.78708
1.78708
1.35472
0.667524
0.667524
2.47427
3.43428
2.98206
0.884455
0.090005
0.090005
2.73181
0.302925
0.172819
0.170121
0.156355
0.156355
0.0137666
0.00269725
0.130107
1.66266
0.428948
0.0204938
0.0204938
0.408454
1.53664
0.51899
2.48457
0.33724
1.48501
0.616048
0.0360724
0.0360724
0.0520045
0.0880769
0.0423886
0.0180724
0.0180724
0.112393
0.121862
0.252327
0.363721
0.642849
1.2589
1.1146
0.842953
0.842953
1.53054
0.828586
3.20208
1.10474
0.571689
0.591786
0.591786
0.577702
1.16949
3.70903
5.56407
1.94364