3.365731954574584960937500000000
3.365731954574584960937500000000
1.015400052070617675781250000000
0.417946994304656982421875000000
0.417946994304656982421875000000
0.417946994304656982421875000000
0.597453057765960693359375000000
0.597453057765960693359375000000
0.716317951679229736328125000000
0.716320991516113281250000000000
0.716317951679229736328125000000
0.716320991516113281250000000000
0.118864946067333221435546875000
0.105883993208408355712890625000
0.118864946067333221435546875000
0.105883993208408355712890625000
0.118864946067333221435546875000
0.105883993208408355712890625000
0.012983992695808410644531250000
0.012983992695808410644531250000
0.012983992695808410644531250000
0.012983992695808410644531250000
0.012983992695808410644531250000
0.012983992695808410644531250000
0.000003039836883544921875000000
0.000003039836883544921875000000
0.000003039836883544921875000000
0.000003039836883544921875000000
0.000003039836883544921875000000
0.000003039836883544921875000000
0.000003039836883544921875000000
0.000003039836883544921875000000
0.000003039836883544921875000000
0.000003039836883544921875000000
