1.64768
0.01
0.01
1.64768
3.11633
1.66887
0.305037
0.0595567
0.0595567
0.245481
1.36383
0.618119
0.348813
0.348813
1.93818
2.47702
0.566563
2.40847
0.24982
0.24982
0.278498
0.528317
0.569513
0.0500464
0.0500464
1.04778
1.31064
1.88368
0.340174
0.340174
0.0678026
0.407977
1.08194
0.0506048
0.0506048
0.156521
0.207125
0.338592
0.0644782
0.0644782
0.48124
0.811927
0.838725
0.180019
0.180019
0.658706
0.51892
0.132271
2.80224
1.03841
3.03935
1.12196
1.12196
0.941779
2.06373
6.30619
1.94331
3.50947
2.41588
2.24914
0.326272
0.326272
1.92286
0.166744
1.09359
6.80376