1.999999761581420898437500000000
0.266125023365020751953125000000
0.589211344718933105468750000000
0.476067066192626953125000000000
1.257807731628417968750000000000
1.257807731628417968750000000000
0.267434209585189819335937500000
0.548556149005889892578125000000
0.220168292522430419921875000000
0.877229213714599609375000000000
0.250593006610870361328125000000
0.250593006610870361328125000000
0.406468003988265991210937500000
0.406468003988265991210937500000
0.003387191565707325935363769531
0.123828180134296417236328125000
0.403080791234970092773437500000
0.248423159122467041015625000000
0.154657661914825439453125000000
0.154657661914825439453125000000
0.000000029802322387695312500000
0.000000029802322387695312500000
0.000000029802322387695312500000
0.000000029802322387695312500000
0.000000029802322387695312500000
0.000000029802322387695312500000
0.000000029802322387695312500000
0.000000029802322387695312500000
