0.138152509927749633789062500000
0.591339051723480224609375000000
0.061012655496597290039062500000
1.743027448654174804687500000000
0.857631742954254150390625000000
0.361210912466049194335937500000
1.408661007881164550781250000000
0.124942518770694732666015625000
0.292559474706649780273437500000
0.537358403205871582031250000000
0.991158843040466308593750000000
0.260660111904144287109375000000
0.294568598270416259765625000000
0.943202972412109375000000000000
0.648634433746337890625000000000
0.648634433746337890625000000000
0.118820048868656158447265625000
0.118814177811145782470703125000
0.000005871057510375976562500000
0.000005871057510375976562500000
