0.724189
0.724189
0.196835
0.156157
0.156157
0.764868
0.310402
0.876953
0.876953
0.354473
0.140359
0.305436
0.193987
0.193987
0.111449
0.882704
1.18814
0.183645
4.35384
1.21999
0.696988
0.219394
0.219394
0.477594
0.277081
0.97407
0.245919
0.674014
0.0150183
0.0150183
0.748301
0.01
0.01
0.763319
1.13068
0.711101
0.950649
0.950649
1.65445
3.12052
1.27904
0.392416
0.392416
0.638647
1.03106
2.01086
1.29521
1.29521
0.670317
1.96552
1.0764
0.443306
0.826999
0.826999
2.65823
0.638336
0.223163
0.223163
3.90041
1.34188
0.489605
0.489605
2.83035
0.861563
0.861563
2.45839
2.14549
1.53921