0.530744671821594238281250000000
0.588154792785644531250000000000
0.483048945665359497070312500000
0.656885504722595214843750000000
0.476175308227539062500000000000
0.864406287670135498046875000000
0.685955047607421875000000000000
0.591202616691589355468750000000
0.210788577795028686523437500000
0.272006034851074218750000000000
0.022666072472929954528808593750
0.058568246662616729736328125000
0.383364439010620117187500000000
0.579940259456634521484375000000
0.425163984298706054687500000000
0.425163984298706054687500000000
0.196575850248336791992187500000
0.196575850248336791992187500000
0.087056472897529602050781250000
0.122275009751319885253906250000
0.122275032103061676025390625000
0.122275009751319885253906250000
0.122275009751319885253906250000
0.066030859947204589843750000000
0.122275009751319885253906250000
0.040064778178930282592773437500
0.122275009751319885253906250000
0.122275009751319885253906250000
0.082210235297679901123046875000
0.082210257649421691894531250000
0.035218536853790283203125000000
0.035218536853790283203125000000
0.000000022351741790771484375000
0.000000022351741790771484375000
0.000000022351741790771484375000
0.000000022351741790771484375000
0.000000022351741790771484375000
0.000000022351741790771484375000
0.000000022351741790771484375000
0.000000022351741790771484375000
0.000000022351741790771484375000
0.000000022351741790771484375000
0.000000022351741790771484375000
0.000000022351741790771484375000
0.000000022351741790771484375000
0.000000022351741790771484375000
0.000000022351741790771484375000
0.000000022351741790771484375000
0.000000022351741790771484375000
0.000000022351741790771484375000
