0.01
0.01
0.048184
0.048184
9.90279
1.77655
0.480114
0.155257
0.155257
0.324857
1.29644
1.60366
0.816931
0.816931
2.56327
2.54795
1.29161
1.29161
1.88761
0.251568
0.0849646
0.0849646
0.166604
0.454411
0.283639
0.259102
0.259102
0.0245372
0.220316
0.503955
0.202024
2.07033
0.902545
0.902545
1.87376
0.402907
0.98226
0.549497
0.430758
0.430758
0.118739
3.61198
1.76668
4.02282
2.74449
0.0451145
0.0451145
0.552077
0.597191
0.0125614
0.609753
0.680162
0.185635
0.185635
0.0472915
0.232926
1.05699
2.59255
2.38898
0.623572
0.623572
1.57098
0.341952
0.341952
1.26905
1.611
0.583554
0.194427
1.49349
0.0343515
3.91682
8.77865