0.962882
0.0527365
0.0437103
0.0437103
0.00902619
0.494253
0.546989
0.415893
0.707108
1.66999
1.0523
1.93512
1.93512
0.435551
2.37067
0.351619
0.520314
1.11161
0.171615
0.171615
0.0878168
0.259432
0.852176
2.13099
0.783548
1.65808
1.65808
0.169807
0.99286
0.99286
0.835026
0.537904
0.630452
0.630452
0.515208
1.14566
0.427051
0.233751
0.233751
0.115222
0.01
0.01
0.348972
1.22374
0.79308
0.62732
0.0210606
0.0210606
1.6464
1.66746
1.08324
0.349413
0.310978
0.310978
0.0384354
0.578959
0.855217
0.855217
0.0731551
1.82233
0.24241
1.03304