0.915585160255432128906250000000
0.397785425186157226562500000000
0.549861907958984375000000000000
1.522955060005187988281250000000
0.719691216945648193359375000000
1.084414839744567871093750000000
0.079250365495681762695312500000
0.079250365495681762695312500000
0.000000000000000000000000000000
0.000009179115295410156250000000
0.000000000000000000000000000000
0.000009179115295410156250000000
0.000009179115295410156250000000
0.000009179115295410156250000000
0.000000000000000000000000000000
0.000009179115295410156250000000
0.000009179115295410156250000000
0.000009179115295410156250000000
