0.644301
0.644301
0.586748
0.1955
0.1955
0.95279
0.01
0.01
0.974472
0.617652
0.115357
0.0713283
0.0713283
0.0440282
0.502295
0.35682
0.173818
0.0827583
1.12437
2.35529
0.397014
0.233808
0.233808
0.163205
1.84224
0.627444
0.22431
0.22431
0.403134
1.61181
0.116033
0.000129506
2.3377
2.36399
0.255323
0.255323
1.21677
1.47209
0.891895
2.32914
0.143977
0.993778
0.381533
0.381533
0.612244
1.431
1.03444
0.444886
0.444886
0.392325
0.837211
0.197228
1.15119
0.327664
0.327664
0.144559
0.472223
0.45242
0.578492
0.105541
0.105541
0.472951
0.346151
0.31014
1.23478
0.00405176
0.0601755
0.0601755
0.274008
0.0184221
0.0184221
0.315761
0.904651
0.946797
0.239148
0.221944
2.64672
1.00563
0.848674
0.699638
0.200705
0.200705
0.498933
0.149036
1.17908
0.658843
0.658843
1.12935
0.942677
0.894616
0.894616
0.0480607
0.845514
0.239567
1.62459
1.18475