46 1
46 2
50 46
49 3
48 4
47 5
47 6
48 47
49 48
50 49
60 50
51 7
51 8
52 51
52 9
59 52
55 10
54 11
53 12
53 13
54 53
55 54
58 55
57 14
56 15
56 16
57 56
58 57
59 58
60 59
89 60
62 17
61 18
61 19
62 61
66 62
65 20
63 21
63 22
64 63
64 23
65 64
66 65
68 66
67 24
67 25
68 67
88 68
69 26
69 27
87 69
70 28
70 29
71 70
71 30
86 71
72 31
72 32
73 72
73 33
74 73
74 34
85 74
75 35
75 36
78 75
76 37
76 38
77 76
77 39
78 77
80 78
79 40
79 41
80 79
82 80
81 42
81 43
82 81
84 82
83 44
83 45
84 83
85 84
86 85
87 86
88 87
89 88