0.401892691850662231445312500000
0.512559592723846435546875000000
0.468206167221069335937500000000
1.167358756065368652343750000000
0.467131763696670532226562500000
0.457077324390411376953125000000
0.312646150588989257812500000000
0.552102506160736083984375000000
0.320081681013107299804687500000
0.250938028097152709960937500000
0.069143652915954589843750000000
0.069143652915954589843750000000
0.000000000000000000000000000000
0.000000000000000000000000000000
0.000000000000000000000000000000
0.000000000000000000000000000000
0.000000000000000000000000000000
0.000000000000000000000000000000
