10.607
10.1488
0.656928
0.656928
1.57458
0.4218
0.4218
1.80971
4.64494
0.703275
0.170159
0.170159
0.533115
6.14968
0.193214
0.156334
0.156334
0.0368808
6.34104
0.01
0.01
0.0218708
0.0218708
6.25361
0.247495
0.247495
3.38163
0.460944
0.105294
0.105294
0.35565
1.49944
0.713858
0.640858
0.17576
0.17576
0.465098
0.0729998
1.24653
0.916214
0.288844
0.288844
0.827009
0.838321
0.838321
0.277532
1.76075
0.223937
3.10054
0.528583
0.1238
1.80275
1.80275
0.638686
0.516939
0.516939
1.92449
1.31149
1.94334
2.30678
0.388242
0.388242
1.91854
3.38948
0.579218
0.258773
0.318701
0.0234944
2.80162
5.29919
1.22592
0.856824
0.856824
0.369097
0.500784
0.153069
0.153069
1.57364
0.261713
1.98842
0.128204
0.089095
0.089095
1.08152
1.17062
0.946005
3.18256
4.37888
0.470712
0.458257