91 1
90 2
47 3
47 4
49 47
48 5
48 6
49 48
79 49
51 7
50 8
50 9
51 50
78 51
53 10
52 11
52 12
53 52
77 53
54 13
54 14
55 54
55 15
76 55
56 16
56 17
68 56
58 18
57 19
57 20
58 57
62 58
61 21
60 22
59 23
59 24
60 59
61 60
62 61
66 62
63 25
63 26
65 63
64 27
64 28
65 64
66 65
67 66
67 29
68 67
72 68
69 30
69 31
71 69
70 32
70 33
71 70
72 71
75 72
74 34
73 35
73 36
74 73
75 74
76 75
77 76
78 77
79 78
89 79
88 37
81 38
80 39
80 40
81 80
83 81
82 41
82 42
83 82
84 83
84 43
87 84
85 44
85 45
86 85
86 46
87 86
88 87
89 88
90 89
91 90