0.948685526847839355468750000000
0.330291926860809326171875000000
0.067424058914184570312500000000
0.192950472235679626464843750000
1.602284073829650878906250000000
0.149132341146469116210937500000
0.049133025109767913818359375000
1.045947194099426269531250000000
0.062693580985069274902343750000
0.188520580530166625976562500000
0.187322348356246948242187500000
0.756393313407897949218750000000
0.188679099082946777343750000000
1.092805027961730957031250000000
0.268476754426956176757812500000
0.117995172739028930664062500000
0.194610834121704101562500000000
0.988929569721221923828125000000
0.630305409431457519531250000000
0.629749298095703125000000000000
0.794318735599517822265625000000
0.794318735599517822265625000000
0.430810511112213134765625000000
0.430810511112213134765625000000
0.000000000000000000000000000000
0.000000000000000000000000000000
