1.101450562477111816406250000000
0.797688663005828857421875000000
1.202311277389526367187500000000
0.145168364048004150390625000000
0.537226080894470214843750000000
0.534278631210327148437500000000
0.704681277275085449218750000000
0.001413056743331253528594970703
0.522864282131195068359375000000
0.122659288346767425537109375000
0.400204956531524658203125000000
0.400204956531524658203125000000
0.193868190050125122070312500000
0.193868190050125122070312500000
0.000000000000000000000000000000
0.000000000000000000000000000000
