1.54559
0.0941693
0.0342869
0.0342869
0.0598824
0.44332
0.537489
0.362774
0.882836
0.882836
0.0174267
0.645329
5.95223
4.58061
4.58061
1.80046
5.34076
1.19177
0.392037
0.392037
0.799733
4.14899
1.04032
1.11674
0.528627
0.793616
0.262847
0.200332
0.200332
0.0625151
0.253629
0.383928
0.383928
0.132548
0.27714
0.935567
1.72918
1.38639
0.01
0.01
3.11557
2.27247
4.79623
1.95812
0.432872
0.00729387
0.00729387
0.425578
1.28462
0.0479582
0.0479582
0.994758
0.209832
0.209832
0.832884
0.674779
0.240628
1.6726
3.63073
1.1655
0.591817
2.6384