1.630694508552551269531250000000
0.506788074970245361328125000000
0.087800920009613037109375000000
0.040555685758590698242187500000
1.410194277763366699218750000000
0.820232629776000976562500000000
0.621568799018859863281250000000
0.567637085914611816406250000000
0.264303177595138549804687500000
0.326843500137329101562500000000
0.105002358555793762207031250000
0.062540337443351745605468750000
0.005173618439584970474243164062
0.064786538481712341308593750000
0.059612914919853210449218750000
0.059613037854433059692382812500
0.042461901903152465820312500000
0.042462024837732315063476562500
0.042461901903152465820312500000
0.042461901903152465820312500000
0.042461901903152465820312500000
0.042461901903152465820312500000
0.000000122934579849243164062500
0.000000122934579849243164062500
0.000000000000000000000000000000
0.000000122934579849243164062500
0.000000122934579849243164062500
0.000000122934579849243164062500
0.000000122934579849243164062500
0.000000122934579849243164062500
0.000000122934579849243164062500
0.000000122934579849243164062500
0.000000122934579849243164062500
0.000000122934579849243164062500
0.000000122934579849243164062500
0.000000122934579849243164062500
0.000000122934579849243164062500
0.000000122934579849243164062500
