0.0974909
0.0974909
1.22981
1.3273
1.07174
0.02976
0.02976
1.31113
0.363073
0.183991
0.183991
0.179082
0.977819
1.05815
0.429786
0.514485
0.514485
2.00111
2.51559
0.313236
2.78302
1.11419
0.513425
0.43432
0.43432
0.0791051
0.0378627
0.01
0.01
0.551287
0.562903
2.6688
2.35497
0.275875
0.275875
0.873975
1.14985
0.711246
1.8611
0.493871
1.42802
1.82886
0.16217
0.546157
0.267257
0.267257
0.0231348
0.290392
0.255198
0.54559
0.000566988
0.474683
1.02084
0.0649334
1.08577
1.65869
0.259344
0.259344
0.148266
0.141179
0.141179
0.266432
0.50211
0.0769476
0.0769476
0.832773
0.477987
0.459946
0.459946
0.927761
0.312608
1.36141
0.74117
0.74117
0.620235
0.33891
1.04415
3.02956