0.177882686257362365722656250000
0.613850295543670654296875000000
0.487194091081619262695312500000
0.327774107456207275390625000000
0.572477340698242187500000000000
0.184102296829223632812500000000
0.264687120914459228515625000000
0.457006722688674926757812500000
0.355837047100067138671875000000
0.023251010105013847351074218750
0.194054707884788513183593750000
0.281194955110549926757812500000
0.012620262801647186279296875000
0.005246304441243410110473632812
0.366727888584136962890625000000
0.366727888584136962890625000000
0.359353959560394287109375000000
0.359353959560394287109375000000
0.284833967685699462890625000000
0.183473140001296997070312500000
