0.347306
0.264131
0.264131
0.0831749
0.0134851
0.219833
0.219833
0.140958
0.336423
0.470613
0.027918
0.027918
0.442695
0.226601
0.398988
1.0962
1.36634
2.45027
0.0824408
0.0824408
2.36783
0.0122626
3.41331
0.24037
0.0225667
0.0225667
0.217804
0.930776
1.09046
0.766339
0.766339
0.324124
0.0806837
4.7047
2.57976
0.682599
0.682599
0.00499846
0.687598
7.62943
0.36455
0.0730421
0.0730421
0.291508
7.95247
0.138586
3.08214
0.410213
0.410213
0.449004
0.859217
0.463794
1.32301
0.181104
1.239
1.239
0.088283
1.32729
0.176827
10.0336
2.21664
0.0496214
0.0496214
2.41158
0.57025
0.57025
0.0186914
0.588941
0.139096
0.0497966
0.0497966
0.67824
1.73317
2.20267
0.958577
0.275841
0.275841
0.682736
3.7053
6.26552
0.822299
0.113223
0.113223
0.709075
0.821148
1.64345
3.36778
0.808003
0.808003
1.63593
0.01
0.01
2.44393
2.5673
5.91817
2.82499