1.04709
0.646265
0.646265
0.160933
0.106912
0.106912
0.700286
0.239888
1.02116
0.01
0.01
0.730912
0.730912
0.275206
1.00612
0.00309909
0.826553
0.619906
0.00720366
0.00720366
0.100378
0.107581
0.512324
0.206647
0.182665
0.156808
1.16603
0.902222
3.1819
0.316797
0.316797
0.193733
0.51053
2.81685
1.0259
0.474903
0.474903
0.534512
1.00941
0.0164859
1.73354
2.30866
0.284284
0.0443059
0.0443059
0.239978
0.515946
0.80023
1.13755
1.93778
0.370881
0.450774
0.567939
0.564764
3.18248
0.247883
0.247883
2.93459
0.709664
1.35801
0.0707979
0.325882
0.110689
0.110689
0.215194
4.99507