15.8241
1.19213
0.558972
0.558972
0.633153
8.28153
8.84302
0.0301972
0.0301972
0.0909935
0.121191
1.39656
1.51775
4.5737
1.23982
0.75531
0.337405
0.337405
0.417905
0.484513
0.882242
0.240953
0.240953
0.143607
0.00755044
0.00755044
0.377009
1.73751
0.216525
0.0539696
0.0539696
0.965058
0.305043
0.01
0.01
0.305043
0.713985
1.30429
1.93064
0.399084
0.399084
1.2762
0.525572
0.00891393
0.00891393
0.516658
0.552357
0.0508731
0.0508731
1.02706
0.597357
0.255351
0.148797
2.07943
0.137948
1.3764
1.3764
0.840978
0.105939
0.0152696
3.75286
2.75158
0.630633
2.93255
0.157863
0.157863
1.44483
0.699203
0.699203
0.334767
0.748872
0.748872
0.285098
0.568727
10.8035
3.41792