0.008285569027066230773925781250
1.709665656089782714843750000000
0.062911912798881530761718750000
0.520724654197692871093750000000
0.618340075016021728515625000000
0.733525514602661132812500000000
0.101809889078140258789062500000
0.340396016836166381835937500000
0.088433392345905303955078125000
0.442644685506820678710937500000
0.318383216857910156250000000000
0.120156757533550262451171875000
0.031607210636138916015625000000
0.843805789947509765625000000000
0.045665498822927474975585937500
0.266530871391296386718750000000
0.032173849642276763916015625000
0.041312076151371002197265625000
0.007644670084118843078613281250
0.787192344665527343750000000000
0.010359787382185459136962890625
0.056608185172080993652343750000
0.912027418613433837890625000000
0.137516781687736511230468750000
0.982287347316741943359375000000
1.033808231353759765625000000000
1.032586693763732910156250000000
1.032586693763732910156250000000
0.404230892658233642578125000000
0.128894746303558349609375000000
0.491786181926727294921875000000
0.876887321472167968750000000000
0.096271023154258728027343750000
0.377679944038391113281250000000
0.458666980266571044921875000000
0.479763686656951904296875000000
0.202078536152839660644531250000
0.202078536152839660644531250000
0.186342999339103698730468750000
0.290334463119506835937500000000
0.255754172801971435546875000000
0.243018209934234619140625000000
0.183029159903526306152343750000
0.044475555419921875000000000000
0.020119283348321914672851562500
0.183029159903526306152343750000
0.162903472781181335449218750000
0.162909910082817077636718750000
0.138553634285926818847656250000
0.138553634285926818847656250000
0.123274348676204681396484375000
0.123267911374568939208984375000
0.103991478681564331054687500000
0.103985041379928588867187500000
0.051520787179470062255859375000
0.051514349877834320068359375000
0.021096682175993919372558593750
0.021096682175993919372558593750
0.012735946103930473327636718750
0.012735946103930473327636718750
0.000006437301635742187500000000
0.000006437301635742187500000000
0.000006437301635742187500000000
0.000006437301635742187500000000
0.000006437301635742187500000000
0.000006437301635742187500000000
0.000006437301635742187500000000
0.000006437301635742187500000000
0.000006437301635742187500000000
0.000006437301635742187500000000
