0.052753742784261703491210937500
1.365350246429443359375000000000
1.003115892410278320312500000000
0.153186246752738952636718750000
0.044451531022787094116210937500
0.787534236907958984375000000000
0.277258664369583129882812500000
0.573925018310546875000000000000
0.296666383743286132812500000000
0.296666383743286132812500000000
0.060724705457687377929687500000
0.060724705457687377929687500000
0.060724705457687377929687500000
0.060724705457687377929687500000
0.060724705457687377929687500000
0.060724705457687377929687500000
0.000000000000000000000000000000
0.000000000000000000000000000000
0.000000000000000000000000000000
0.000000000000000000000000000000
0.000000000000000000000000000000
0.000000000000000000000000000000
