2.30714
2.23022
1.60685
0.118715
0.118715
0.188178
0.190489
0.190489
0.116405
1.29996
0.623362
0.0769288
2.4209
1.06137
1.06137
1.80001
0.810938
0.341897
0.341897
0.469041
0.708233
0.932128
0.932128
0.587043
1.34221
0.434703
3.29608
0.617863
3.91395
0.814101
6.20407
1.11168
0.133383
0.01
0.01
0.133383
0.540588
0.0537977
0.0537977
0.291006
0.344804
0.329167
0.437707
6.95849
1.1597
0.400422
0.0232587
0.0232587
0.377163
0.759276
0.041313
0.19855
0.0859721
0.0859721
0.112578
1.00246
6.86916
2.86195
3.3841
11.1546
0.0244115
0.0244115
0.838064
0.862476
2.49652
0.66852
0.38598
0.38598
0.28254
0.823054
0.837549
0.837549
0.654025
0.032087
1.52366
1.83534
7.79563
3.16159