0.060983087867498397827148437500
0.468530744314193725585937500000
1.531469106674194335937500000000
0.201180100440979003906250000000
0.916398644447326660156250000000
1.214298009872436523437500000000
0.063351951539516448974609375000
0.115991078317165374755859375000
0.052639126777648925781250000000
0.052639126777648925781250000000
0.000000000000000000000000000000
0.000000000000000000000000000000
0.000000000000000000000000000000
0.000000000000000000000000000000
0.000000000000000000000000000000
0.000000000000000000000000000000
0.000000000000000000000000000000
0.000000000000000000000000000000
