2.4998
2.4998
3.99903
1.37976
0.305186
0.305186
1.07458
0.167965
1.54773
0.834704
0.419332
0.419332
0.663614
1.08295
0.268474
0.659913
0.659913
0.691507
1.03101
0.856954
0.340603
0.188434
0.188434
0.152169
0.739415
1.08002
2.15937
1.70608
1.39063
0.822952
0.235338
0.235338
0.150754
0.386092
0.43686
0.56768
0.331505
1.62231
0.01
0.01
0.569816
0.0173642
0.0173642
0.552452
0.846903
1.14656
1.12893
0.217191
0.217191
0.301381
0.518571
0.61036
0.0176334
0.243504
0.46271
0.0116553
0.0116553
0.451055
0.00427741
0.466988
0.923081
0.0266508
0.205587
0.0998313
2.6478
0.133562
0.0363247
0.0363247
0.0972375
0.341621
0.475183
3.29722
3.30395
0.256911
0.256911
0.152793
0.236747
0.00768834
0.00768834
0.229058
0.172957
0.943112
1.35282
0.511355
1.86417
1.43977
0.468452
0.597535
0.575534
1.55336