47 1
47 2
91 47
49 3
48 4
48 5
49 48
50 49
50 6
55 50
51 7
51 8
52 51
52 9
54 52
53 10
53 11
54 53
55 54
59 55
57 12
56 13
56 14
57 56
58 57
58 15
59 58
90 59
63 16
62 17
60 18
60 19
61 60
61 20
62 61
63 62
77 63
76 21
64 22
64 23
66 64
65 24
65 25
66 65
75 66
70 26
69 27
67 28
67 29
68 67
68 30
69 68
70 69
74 70
72 31
71 32
71 33
72 71
73 72
73 34
74 73
75 74
76 75
77 76
89 77
79 35
78 36
78 37
79 78
80 79
80 38
88 80
87 39
81 40
81 41
84 81
83 42
82 43
82 44
83 82
84 83
85 84
85 45
86 85
86 46
87 86
88 87
89 88
90 89
91 90