0.060026805847883224487304687500
0.985445022583007812500000000000
0.408053547143936157226562500000
0.242676898837089538574218750000
0.892050981521606445312500000000
1.483773350715637207031250000000
0.456458866596221923828125000000
0.639868795871734619140625000000
0.183407425880432128906250000000
0.183409929275512695312500000000
0.048146393150091171264648437500
0.018625251948833465576171875000
0.029521141201257705688476562500
0.029518630355596542358398437500
0.000002510845661163330078125000
0.000002510845661163330078125000
0.000002510845661163330078125000
0.000002510845661163330078125000
