0.669145286083221435546875000000
1.059018015861511230468750000000
0.321945816278457641601562500000
0.062323302030563354492187500000
0.299019336700439453125000000000
1.268531441688537597656250000000
1.008908987045288085937500000000
0.078667819499969482421875000000
0.314604520797729492187500000000
0.724028825759887695312500000000
0.138424158096313476562500000000
0.557813823223114013671875000000
0.054658301174640655517578125000
0.140293955802917480468750000000
0.245483174920082092285156250000
0.095361039042472839355468750000
0.150122135877609252929687500000
0.150122135877609252929687500000
0.000000000000000000000000000000
0.000000000000000000000000000000
0.000000000000000000000000000000
0.000000000000000000000000000000
