0.004383716732263565063476562500
0.937785387039184570312500000000
0.497732013463973999023437500000
0.126231700181961059570312500000
0.492881178855895996093750000000
0.655677795410156250000000000000
0.000064985884819179773330688477
0.353396564722061157226562500000
0.946837723255157470703125000000
1.003622293472290039062500000000
0.445303410291671752929687500000
1.062214732170104980468750000000
0.733556151390075683593750000000
0.401017397642135620117187500000
0.210084572434425354003906250000
0.210084572434425354003906250000
