0.459453
0.459453
0.809748
1.07315
1.07315
0.196055
0.179667
0.203731
0.203731
1.17116
1.31792
1.31792
0.0569723
0.0739779
0.350378
1.07687
0.380114
0.380114
0.527488
0.907601
0.169266
0.722379
4.99024
0.188363
0.188363
1.56053
1.74889
5.0406
1.75466
0.00431555
0.00431555
0.555383
0.559699
0.999134
1.55883
4.65607
4.42968
0.16198
0.16198
0.515761
0.677741
0.983933
0.0577173
0.0577173
0.963385
0.186362
0.186362
0.834741
0.0972194
0.0450756
0.0450756
1.07325
0.151082
1.2694
0.0989965
0.133991
0.133991
1.23441
0.253024
1.57593
0.235831
0.235831
1.3401
0.0454972
0.0402487
0.468197
0.0963942
0.01
0.01
0.0963942
2.03348
0.690325
2.8202
0.164404
2.9846
0.716381
2.12715
2.12715
0.806855
2.12705
0.371893
0.371893
1.51036
1.88225
0.244796
0.806961
0.749217
0.179309
0.179309
0.511518
0.690828
2.9924
0.0177567
0.728693
1.78523
2.32925