50 1
50 2
52 50
51 3
51 4
52 51
56 52
53 5
53 6
55 53
54 7
54 8
55 54
56 55
60 56
59 9
57 10
57 11
58 57
58 12
59 58
60 59
63 60
61 13
61 14
62 61
62 15
63 62
97 63
64 16
64 17
65 64
65 18
66 65
66 19
96 66
95 20
67 21
67 22
68 67
68 23
80 68
69 24
69 25
71 69
70 26
70 27
71 70
73 71
72 28
72 29
73 72
74 73
74 30
76 74
75 31
75 32
76 75
79 76
78 33
77 34
77 35
78 77
79 78
80 79
83 80
82 36
81 37
81 38
82 81
83 82
84 83
84 39
85 84
85 40
94 85
86 41
86 42
90 86
89 43
87 44
87 45
88 87
88 46
89 88
90 89
93 90
91 47
91 48
92 91
92 49
93 92
94 93
95 94
96 95
97 96