0.057452209293842315673828125000
0.763481140136718750000000000000
0.003966718912124633789062500000
0.028220381587743759155273437500
1.216821074485778808593750000000
1.113744497299194335937500000000
0.266766905784606933593750000000
0.266766905784606933593750000000
0.163690298795700073242187500000
0.163690298795700073242187500000
0.221836775541305541992187500000
0.341089993715286254882812500000
0.490569978952407836914062500000
0.341089993715286254882812500000
0.328555852174758911132812500000
0.309485435485839843750000000000
0.490569978952407836914062500000
0.138274908065795898437500000000
0.268733233213424682617187500000
0.051129370927810668945312500000
0.216979712247848510742187500000
0.167441993951797485351562500000
0.216979712247848510742187500000
0.013777232728898525238037109375
0.153664767742156982421875000000
0.066819921135902404785156250000
0.067499697208404541015625000000
0.067499697208404541015625000000
0.067499697208404541015625000000
0.067499697208404541015625000000
0.067499697208404541015625000000
0.067499697208404541015625000000
0.049537718296051025390625000000
0.049537718296051025390625000000
0.049537718296051025390625000000
0.049537718296051025390625000000
0.000000000000000000000000000000
0.000000000000000000000000000000
0.000000000000000000000000000000
0.000000000000000000000000000000
0.000000000000000000000000000000
0.000000000000000000000000000000
