1.742216229438781738281250000000
0.373163938522338867187500000000
0.019561160355806350708007812500
0.231054291129112243652343750000
0.487299084663391113281250000000
0.091809116303920745849609375000
0.010355674661695957183837890625
0.209209695458412170410156250000
0.039762925356626510620117187500
0.723513364791870117187500000000
0.415033698081970214843750000000
0.476115256547927856445312500000
0.094165943562984466552734375000
0.525951385498046875000000000000
1.117591023445129394531250000000
0.496870398521423339843750000000
0.590637087821960449218750000000
1.119975805282592773437500000000
0.804745316505432128906250000000
0.257443666458129882812500000000
0.203262642025947570800781250000
0.781596541404724121093750000000
0.017707213759422302246093750000
0.257783770561218261718750000000
0.047775223851203918457031250000
0.240076541900634765625000000000
