0.182009
0.182009
0.207571
0.38958
1.66937
0.516651
0.516651
1.5423
0.568157
0.473091
0.0802164
0.0802164
0.392875
0.925483
0.627539
0.627539
0.771036
0.146252
0.454479
0.454479
1.09035
0.136369
1.66699
0.01
0.01
0.492942
0.492942
0.0370821
0.530025
1.13697
0.0142009
0.252717
1.93391
0.693196
2.98133
0.907316
0.907316
1.208
0.779167
0.779167
0.776626
0.937556
0.937556
0.618236
0.559523
0.213571
0.0866429
0.0866429
0.153139
0.239782
0.17991
0.419692
0.329417
0.749109
0.538284
1.24468
0.88029
0.478198
0.253668
0.134653
0.134653
0.119015
0.22453
0.402092
0.364393
0.0427099
1.04149
2.22521
0.637843
0.500373
0.395372
0.395372
0.105001
0.13747
3.91625
1.05435