1.63659
1.63659
0.853964
0.407663
0.407663
2.0829
0.699534
3.19009
4.9209
0.246367
0.01
0.01
0.246367
0.725369
0.971737
6.71864
0.530716
0.530716
0.0286434
0.460768
0.0429156
0.0429156
0.417852
0.0985912
1.9452
2.50456
2.87961
0.892034
0.079895
0.079895
0.11814
0.198035
0.234269
0.135003
0.135003
0.2973
0.459731
3.65693
0.242638
0.242638
2.98691
1.86542
1.86542
1.0559
0.0503296
0.024702
0.024702
0.0256276
2.87099
0.308226
1.31942
0.835201
2.30621
0.397201
0.125699
0.125699
2.70746
0.141168
0.141168
0.0437221
0.18489
0.170758
0.355648
0.855671
0.189038
0.189038
1.02228
1.62184
1.4403
0.136557
0.136557
2.6352
0.772002
0.772002
1.37787
2.14987
0.621884
1.50169
3.81413
0.0234103