0.153926134109497070312500000000
0.549755752086639404296875000000
0.390667945146560668945312500000
0.255118340253829956054687500000
1.103648543357849121093750000000
0.069204851984977722167968750000
0.311313539743423461914062500000
1.450244545936584472656250000000
0.089614838361740112304687500000
0.018786156550049781799316406250
0.583134174346923828125000000000
0.178518623113632202148437500000
1.296586632728576660156250000000
0.182156547904014587402343750000
1.019198775291442871093750000000
0.592688739299774169921875000000
0.041638560593128204345703125000
0.166207402944564819335937500000
1.109601616859436035156250000000
0.368099093437194824218750000000
0.241222515702247619628906250000
0.972723722457885742187500000000
0.186562955379486083984375000000
0.208751097321510314941406250000
0.452137172222137451171875000000
0.005339424591511487960815429688
0.596207976341247558593750000000
0.070587769150733947753906250000
0.559767961502075195312500000000
0.332801163196563720703125000000
0.050688870251178741455078125000
0.537579894065856933593750000000
0.215863123536109924316406250000
0.486891061067581176757812500000
0.038238108158111572265625000000
0.064720056951045989990234375000
0.175004139542579650878906250000
0.313519835472106933593750000000
0.135851114988327026367187500000
0.279364079236984252929687500000
0.138515666127204895019531250000
0.138515666127204895019531250000
0.000000000000000000000000000000
0.000000000000000000000000000000
0.000000000000000000000000000000
0.000000000000000000000000000000
