8.08753
8.08753
0.626726
0.01909
0.01909
4.90505
0.0817813
0.0817813
4.84235
2.97386
0.795622
0.795622
1.28189
1.47755
0.687722
0.0674975
0.01
0.01
0.0674975
0.620225
0.78983
0.599964
0.531525
0.511234
0.511234
2.09781
3.85932
0.914308
0.0148647
0.0148647
0.210288
0.225153
0.689155
2.9491
1.73017
1.73017
2.13324
1.65768
1.96363
0.55851
0.55851
1.40512
0.661857
1.46961
0.191355
0.191355
0.961303
0.841828
0.148752
0.148752
0.693076
0.31083
0.31695
1.15588
1.57769
4.20318
1.31791
0.947273
1.15451
0.562499
0.562499
3.60329
1.2251
0.466965
0.230625
0.230625
0.23634
0.758134
2.94069
3.45708
0.275125
0.816263