1.32618
0.0891486
0.01
0.01
0.0891486
0.967296
1.05644
0.269738
0.104325
1.04088
0.307636
0.307636
0.0647874
0.372424
0.668452
0.051353
1.09223
0.338279
4.26766
0.596877
0.596877
2.54873
0.691608
0.691608
2.18575
0.398464
0.398464
2.01484
1.95108
1.95108
0.462221
0.464051
0.112121
2.98948
0.156126
0.861643
0.0105753
0.0105753
0.635784
0.646359
0.128603
0.774963
3.23228
1.41852
1.78244
0.140124
0.0406106
0.0204213
0.0204213
0.0201893
0.038059
0.0786696
0.0614546
1.64232
0.691188
2.47363
1.01943
3.49306
1.93271
0.272397