0.178302273154258728027343750000
0.122706390917301177978515625000
0.172634020447731018066406250000
0.311242759227752685546875000000
0.515188515186309814453125000000
1.096840977668762207031250000000
1.566050767898559570312500000000
0.743324220180511474609375000000
0.171193480491638183593750000000
0.544199824333190917968750000000
0.118901602923870086669921875000
0.752731323242187500000000000000
0.449050486087799072265625000000
0.066676609218120574951171875000
0.000870313786435872316360473633
0.368446409702301025390625000000
0.172695472836494445800781250000
0.172695472836494445800781250000
0.000000000000000000000000000000
0.000000000000000000000000000000
0.000000000000000000000000000000
0.000000000000000000000000000000
0.000000000000000000000000000000
0.000000000000000000000000000000
