0.0768309
0.0607247
0.0607247
0.0161062
0.152867
0.0882461
0.0882461
0.141452
0.0183358
0.0506211
0.0506211
0.197413
0.0618582
0.0356606
0.0356606
0.274231
4.62529
4.77524
0.324215
0.183824
0.183824
0.140391
0.0717325
0.265077
0.238322
0.238322
0.0267555
0.13087
3.43077
3.06993
0.147042
0.147042
1.5007
1.10012
0.313272
0.313272
0.694245
1.00752
0.0926073
0.334872
1.435
0.191553
0.564454
0.564454
0.0815878
0.646042
0.980508
0.0211951
1.42219
0.756783
0.948528
0.159934
1.85045
0.324052
0.324052
1.19074
0.381615
0.381615
0.483242
0.864857
0.230013
1.09487
0.114609
1.20948
0.305313
0.397065
1.91186
4.17388
0.01
0.01
0.558479
0.558479
1.60308
0.0570424
0.0570424
0.138662
0.195705
1.81177
2.00747
0.154089
1.61499
3.77655
2.30918
0.699891
0.374707
0.469236
0.469236
1.27699
1.74623
5.4141