0.00597304
0.00597304
0.125866
0.131839
2.58424
2.71608
1.08432
2.30091
0.156731
0.0345425
0.0345425
0.122189
2.14418
0.705657
1.77507
0.0799198
0.064958
0.064958
0.0149618
0.439971
0.132661
0.132661
0.38723
0.0240281
0.301313
0.301313
0.221119
0.522432
0.0214871
0.0564087
0.01
0.01
0.113128
0.113128
0.312666
0.0480147
0.0480147
0.377779
0.174534
1.17474
1.2315
0.793837
0.134201
2.91392
2.4798
0.0409436
0.0409436
2.43886
0.434125
0.39225
0.118484
0.118484
1.729
1.27001
0.401498
0.401498
0.728349
1.12985
0.140165
0.577478
0.308242
0.920792
0.00949475
0.00949475
0.481427
0.490922
0.42987
1.23494
0.773996
0.137034
0.137034
2.53283
0.453375
0.453375
0.161813
0.0935589
0.0935589
0.384394
0.477953
0.137235
2.05468
0.259864
0.218099
0.738757
0.290433
0.290433
0.448325
2.40907
0.158349
0.628431