0.394819796085357666015625000000
0.189545080065727233886718750000
0.164459466934204101562500000000
0.074361585080623626708984375000
0.666967511177062988281250000000
0.702220320701599121093750000000
0.489144027233123779296875000000
0.121460020542144775390625000000
0.367684006690979003906250000000
0.422378003597259521484375000000
0.393121927976608276367187500000
0.413815766572952270507812500000
0.413815766572952270507812500000
0.413815766572952270507812500000
0.096004493534564971923828125000
0.359121799468994140625000000000
0.020693838596343994140625000000
0.020693838596343994140625000000
