4.77002
4.48857
0.267189
0.267189
2.17483
2.44202
0.0690517
1.69778
0.341003
0.341003
1.35678
0.813285
1.9775
0.281452
6.49612
3.1858
0.232659
0.0828968
0.0828968
0.149762
0.916787
0.0261602
0.0261602
0.459161
0.485321
0.664125
1.54651
1.79668
1.25084
0.01
0.01
0.715392
0.715392
0.535452
0.0769711
1.32782
0.468867
0.899274
0.489845
2.5333
5.7191
2.1006
0.394817
0.00766509
0.00766509
0.373133
0.380798
0.014019
0.945591
0.325919
0.325919
0.593279
0.919199
0.42121
0.437237
0.410644
0.410644
1.367
0.507195
1.76849
1.76849
0.516348
0.259281
2.23534
1.69839
1.69839
0.536952
0.308779
5.27558
3.44644