0.80147
0.80147
0.016116
0.817586
0.66481
0.190004
0.190004
1.29239
1.45864
0.141059
0.141059
1.74822
1.88928
1.05176
2.57961
0.664577
0.146327
0.146327
0.51825
0.981403
1.64598
0.294822
1.9408
3.48369
3.01474
1.37127
1.37127
1.64348
0.272909
0.0703566
0.0703566
0.163608
0.233965
3.05369
1.02373
3.09977
0.0532261
0.0532261
1.08634
1.13957
1.91951
2.49811
0.787666
0.0893531
0.0893531
0.304266
0.393619
0.394047
1.71045
0.560961
0.040695
1.21161
0.36359
1.08493
0.01
0.01
0.701521
0.701521
0.0132521
0.714773
0.370155
3.59004
0.749518
0.096155
2.6714
3.51037
0.0400157
0.0400157
3.47035
2.81816
0.95894
0.0574261
0.0574261
0.901514
0.40419
0.752614
0.752614
0.0897943
0.0211042
0.0211042
0.821305
0.520721
1.70614
0.588315
0.588315
0.150401
0.352701
0.352701
0.386015
2.33055
1.28005
0.146545
0.146545
4.20277
1.97921
1.86351