1.991991996765136718750000000000
0.263227134943008422851562500000
1.099153280258178710937500000000
1.728764772415161132812500000000
0.637619614601135253906250000000
0.465076833963394165039062500000
0.172542750835418701171875000000
0.167673900723457336425781250000
0.008008000440895557403564453125
0.008008000440895557403564453125
0.008008000440895557403564453125
0.008008000440895557403564453125
0.004868850111961364746093750000
0.004868850111961364746093750000
0.000000000000000000000000000000
0.000000000000000000000000000000
