1.09037
0.245353
0.245353
0.160787
0.40614
0.684232
0.249087
0.212101
0.212101
1.12736
1.26015
2.59961
15.7105
0.580577
0.580577
6.07533
6.65591
0.357713
6.49036
0.01
0.01
4.67867
0.304551
0.0374718
0.0374718
0.140034
0.177506
0.127045
1.38433
0.191001
0.0156685
0.0156685
0.175332
1.49789
2.98979
1.47597
0.735552
0.735552
0.808996
1.54455
0.1636
1.70815
0.510842
2.21899
1.31877
0.642456
0.642456
0.397873
1.04033
2.49743
2.61689
0.335711
0.523263
6.03197
0.881465
0.881465
1.65581
1.32237
1.32237
1.2149
3.58841
6.12568
6.91991
5.26453
2.57985
0.134244
0.134244
0.0430351
0.177279
2.93937
0.838568
0.0583428
0.0583428
0.780225
0.215866
1.05443
2.06222
0.66549
0.422053
0.422053
1.16397
1.44446
0.0964341
0.0964341
1.34803
0.141559
2.19612
6.48628
0.581904
0.380799
0.347525
0.347525
0.0332748
0.156048
0.536848
0.0450565
9.68652
10.6215