4.3178
0.294259
0.294259
4.02354
0.429926
0.768227
0.768227
3.51645
0.500147
0.500147
0.976641
0.233971
0.233971
0.310721
0.544692
0.31563
0.860322
0.616465
2.80789
0.463043
0.0809862
0.307174
0.307174
0.0136705
0.00364617
0.00364617
0.317199
1.08966
0.0965533
0.0965533
1.31396
3.4182
1.41672
1.34948
1.34948
0.341445
1.14277
1.14277
0.548155
0.22272
0.0960446
0.0960446
0.245194
0.341239
0.052989
0.394228
1.51942
4.10411
2.02047
2.02047
0.243207
1.69316
1.6533
0.544734
0.544734
1.10856
0.0398581
0.570519
0.310037
1.12271
1.12271
1.451
2.55835
1.05926
0.0491679
0.0491679
0.308994
0.01
0.01
0.358162
0.701103
2.01602
0.605462
0.605462
0.822502
1.42796
0.303306
0.119649
0.119649
1.16086
1.28051
0.450758
1.34402
2.05678
0.88569
0.227673