46 1
45 2
45 3
46 45
54 46
47 4
47 5
53 47
48 6
48 7
52 48
49 8
49 9
50 49
50 10
51 50
51 11
52 51
53 52
54 53
60 54
55 12
55 13
57 55
56 14
56 15
57 56
59 57
58 16
58 17
59 58
60 59
87 60
61 18
61 19
63 61
62 20
62 21
63 62
67 63
64 22
64 23
65 64
65 24
66 65
66 25
67 66
86 67
68 26
68 27
72 68
71 28
70 29
69 30
69 31
70 69
71 70
72 71
74 72
73 32
73 33
74 73
85 74
78 34
75 35
75 36
77 75
76 37
76 38
77 76
78 77
84 78
79 39
79 40
80 79
80 41
83 80
81 42
81 43
82 81
82 44
83 82
84 83
85 84
86 85
87 86