0.048316314816474914550781250000
0.573877751827239990234375000000
1.013430118560791015625000000000
0.761363387107849121093750000000
0.487833768129348754882812500000
0.453795045614242553710937500000
0.065703824162483215332031250000
0.938253641128540039062500000000
0.295314371585845947265625000000
0.173027604818344116210937500000
0.226929545402526855468750000000
0.257695823907852172851562500000
0.149476319551467895507812500000
0.136167272925376892089843750000
0.013309039175510406494140625000
0.013309039175510406494140625000
