48 1
48 2
50 48
49 3
49 4
50 49
51 50
51 5
59 51
55 6
52 7
52 8
53 52
53 9
54 53
54 10
55 54
56 55
56 11
58 56
57 12
57 13
58 57
59 58
63 59
60 14
60 15
62 60
61 16
61 17
62 61
63 62
69 63
68 18
64 19
64 20
67 64
65 21
65 22
66 65
66 23
67 66
68 67
69 68
93 69
72 24
71 25
70 26
70 27
71 70
72 71
74 72
73 28
73 29
74 73
82 74
75 30
75 31
79 75
78 32
76 33
76 34
77 76
77 35
78 77
79 78
81 79
80 36
80 37
81 80
82 81
88 82
83 38
83 39
84 83
84 40
87 84
85 41
85 42
86 85
86 43
87 86
88 87
92 88
90 44
89 45
89 46
90 89
91 90
91 47
92 91
93 92