0.415219783782958984375000000000
0.651446640491485595703125000000
1.584769964218139648437500000000
0.149315863847732543945312500000
0.037448152899742126464843750000
1.435454130172729492187500000000
0.567795634269714355468750000000
0.341517865657806396484375000000
0.030574871227145195007324218750
0.662906825542449951171875000000
0.750172734260559082031250000000
0.750172734260559082031250000000
0.000000000000000000000000000000
0.000010251998901367187500000000
0.000000000000000000000000000000
0.000010251998901367187500000000
0.000000000000000000000000000000
0.000010251998901367187500000000
0.000010251998901367187500000000
0.000010251998901367187500000000
0.000000000000000000000000000000
0.000010251998901367187500000000
0.000000000000000000000000000000
0.000010251998901367187500000000
0.000010251998901367187500000000
0.000010251998901367187500000000
0.000010251998901367187500000000
0.000010251998901367187500000000
0.000010251998901367187500000000
0.000010251998901367187500000000
