67 1
48 2
48 3
61 48
49 4
49 5
52 49
51 6
50 7
50 8
51 50
52 51
54 52
53 9
53 10
54 53
60 54
55 11
55 12
59 55
56 13
56 14
57 56
57 15
58 57
58 16
59 58
60 59
61 60
66 61
62 17
62 18
65 62
64 19
63 20
63 21
64 63
65 64
66 65
67 66
90 67
77 22
72 23
68 24
68 25
71 68
70 26
69 27
69 28
70 69
71 70
72 71
74 72
73 29
73 30
74 73
76 74
75 31
75 32
76 75
77 76
80 77
78 33
78 34
79 78
79 35
80 79
81 80
81 36
84 81
83 37
82 38
82 39
83 82
84 83
89 84
86 40
85 41
85 42
86 85
88 86
87 43
87 44
88 87
89 88
90 89
93 90
91 45
91 46
92 91
92 47
93 92