0.27744
0.27744
0.582315
0.224536
0.224536
0.208277
0.432813
0.426942
0.745271
0.133724
0.133724
1.4713
0.364183
0.738938
0.738938
0.528618
0.108883
0.108883
1.15867
0.701651
1.92015
0.279876
0.279876
1.33916
0.269192
0.269192
1.20598
0.459254
0.459254
1.01591
0.143868
0.790346
2.40938
0.0381422
0.313484
0.310925
0.219574
0.219574
0.0913508
0.00255916
0.690445
1.0039
1.0039
2.65757e-05
1.44359
0.651841
0.0647989
0.0647989
0.459983
0.371481
0.01
0.01
0.371481
0.153301
0.106874
0.00139707
0.00139707
0.630259
1.65553
1.13515
1.13515
1.15203
0.812182
0.789997