0.100161880254745483398437500000
0.216284990310668945312500000000
0.206873908638954162597656250000
0.567747294902801513671875000000
0.544949352741241455078125000000
1.764467000961303710937500000000
0.437424987554550170898437500000
0.873163223266601562500000000000
0.173056334257125854492187500000
0.206856414675712585449218750000
0.158746033906936645507812500000
0.158746033906936645507812500000
0.019248008728027343750000000000
0.019248008728027343750000000000
0.000000000000000000000000000000
0.000000000000000000000000000000
