49 1
46 2
46 3
48 46
47 4
47 5
48 47
49 48
55 49
50 6
50 7
54 50
51 8
51 9
53 51
52 10
52 11
53 52
54 53
55 54
67 55
56 12
56 13
62 56
61 14
57 15
57 16
59 57
58 17
58 18
59 58
60 59
60 19
61 60
62 61
66 62
65 20
64 21
63 22
63 23
64 63
65 64
66 65
67 66
89 67
68 24
68 25
80 68
69 26
69 27
71 69
70 28
70 29
71 70
79 71
72 30
72 31
74 72
73 32
73 33
74 73
78 74
77 34
75 35
75 36
76 75
76 37
77 76
78 77
79 78
80 79
83 80
82 38
81 39
81 40
82 81
83 82
88 83
87 41
84 42
84 43
86 84
85 44
85 45
86 85
87 86
88 87
89 88