52 1
51 2
51 3
52 51
60 52
58 4
54 5
53 6
53 7
54 53
57 54
55 8
55 9
56 55
56 10
57 56
58 57
59 58
59 11
60 59
84 60
62 12
61 13
61 14
62 61
63 62
63 15
64 63
64 16
70 64
65 17
65 18
69 65
66 19
66 20
67 66
67 21
68 67
68 22
69 68
70 69
82 70
71 23
71 24
72 71
72 25
73 72
73 26
77 73
74 27
74 28
76 74
75 29
75 30
76 75
77 76
80 77
79 31
78 32
78 33
79 78
80 79
81 80
81 34
82 81
83 82
83 35
84 83
87 84
86 36
85 37
85 38
86 85
87 86
99 87
88 39
88 40
98 88
92 41
89 42
89 43
90 89
90 44
91 90
91 45
92 91
97 92
96 46
94 47
93 48
93 49
94 93
95 94
95 50
96 95
97 96
98 97
99 98