0.448189
0.171023
0.171023
0.277166
4.73799
3.73115
0.141332
0.141332
0.105289
0.246621
1.38406
1.63068
0.958601
0.349031
0.349031
2.24025
1.14188
0.0372203
0.598281
0.375886
0.154391
0.154391
0.221495
0.222395
0.209257
0.137721
0.137721
0.669818
0.472466
0.849552
0.849552
0.291657
0.0528772
0.0528772
1.08833
0.138795
2.48837
0.119128
2.86492
0.01
0.01
0.600876
0.600876
0.658675
0.188457
0.188457
1.07109
0.221576
1.48113
1.38379
1.02258
1.29868
0.477714
0.256696
0.256696
0.392579
0.649275
0.489765
1.13904
2.31476
0.227419
0.227419
3.22638
2.21009