45 1
45 2
48 45
46 3
46 4
47 46
47 5
48 47
53 48
50 6
49 7
49 8
50 49
52 50
51 9
51 10
52 51
53 52
57 53
56 11
55 12
54 13
54 14
55 54
56 55
57 56
87 57
58 15
58 16
61 58
60 17
59 18
59 19
60 59
61 60
62 61
62 20
68 62
67 21
63 22
63 23
65 63
64 24
64 25
65 64
66 65
66 26
67 66
68 67
86 68
75 27
70 28
69 29
69 30
70 69
73 70
71 31
71 32
72 71
72 33
73 72
74 73
74 34
75 74
85 75
76 35
76 36
77 76
77 37
84 77
83 38
78 39
78 40
80 78
79 41
79 42
80 79
82 80
81 43
81 44
82 81
83 82
84 83
85 84
86 85
87 86