0.136431872844696044921875000000
0.815915942192077636718750000000
0.679484069347381591796875000000
0.652197360992431640625000000000
1.184083938598632812500000000000
0.044211834669113159179687500000
0.588964760303497314453125000000
1.184083938598632812500000000000
0.215794265270233154296875000000
0.595119297504425048828125000000
0.016039373353123664855957031250
0.379325032234191894531250000000
0.363285660743713378906250000000
0.048591513186693191528320312500
0.237107977271080017089843750000
0.314694136381149291992187500000
0.075734786689281463623046875000
0.077586159110069274902343750000
