0.017388105392456054687500000000
0.017388105392456054687500000000
0.284025996923446655273437500000
1.982609987258911132812500000000
1.465572118759155273437500000000
1.982609987258911132812500000000
0.517037868499755859375000000000
0.277082502841949462890625000000
0.239957302808761596679687500000
0.239957302808761596679687500000
0.000000000000000000000000000000
0.000001907348632812500000000000
0.000001907348632812500000000000
0.000001907348632812500000000000
0.000001907348632812500000000000
0.000001907348632812500000000000
0.000001907348632812500000000000
0.000001907348632812500000000000
