47 1
46 2
46 3
47 46
49 47
48 4
48 5
49 48
50 49
50 6
66 50
51 7
51 8
52 51
52 9
65 52
62 10
55 11
54 12
53 13
53 14
54 53
55 54
56 55
56 15
59 56
58 16
57 17
57 18
58 57
59 58
61 59
60 19
60 20
61 60
62 61
64 62
63 21
63 22
64 63
65 64
66 65
89 66
68 23
67 24
67 25
68 67
69 68
69 26
88 69
70 27
70 28
71 70
71 29
78 71
76 30
74 31
72 32
72 33
73 72
73 34
74 73
75 74
75 35
76 75
77 76
77 36
78 77
79 78
79 37
84 79
80 38
80 39
83 80
81 40
81 41
82 81
82 42
83 82
84 83
87 84
86 43
85 44
85 45
86 85
87 86
88 87
89 88