0.647759854793548583984375000000
0.851192653179168701171875000000
0.417329639196395874023437500000
0.198061943054199218750000000000
0.017551638185977935791015625000
0.057421732693910598754882812500
0.113344132900238037109375000000
0.468844562768936157226562500000
0.017044793814420700073242187500
0.019990852102637290954589843750
0.085303544998168945312500000000
0.355113983154296875000000000000
0.064018711447715759277343750000
0.588692605495452880859375000000
0.614546179771423339843750000000
0.492837756872177124023437500000
0.870891809463500976562500000000
0.378162860870361328125000000000
0.127270996570587158203125000000
0.662411093711853027343750000000
0.240472406148910522460937500000
0.494780212640762329101562500000
0.040005672723054885864257812500
0.535140156745910644531250000000
0.080770380795001983642578125000
0.419779449701309204101562500000
0.184483349323272705078125000000
0.151739910244941711425781250000
0.298071146011352539062500000000
0.298071146011352539062500000000
0.039951164275407791137695312500
0.187269151210784912109375000000
0.154525712132453918457031250000
0.154525712132453918457031250000
0.148026540875434875488281250000
0.148026540875434875488281250000
0.147317990660667419433593750000
0.025449614971876144409179687500
