0.101782388985157012939453125000
0.194048598408699035644531250000
0.012599204666912555694580078125
0.092266209423542022705078125000
0.119240045547485351562500000000
0.079667001962661743164062500000
0.039573043584823608398437500000
0.875735044479370117187500000000
0.039573043584823608398437500000
0.008714149706065654754638671875
0.039573043584823608398437500000
0.206106096506118774414062500000
0.230140879750251770019531250000
0.089563563466072082519531250000
0.274052977561950683593750000000
0.002251829952001571655273437500
0.274052977561950683593750000000
0.002251829952001571655273437500
1.186805009841918945312500000000
0.595306873321533203125000000000
0.110180310904979705810546875000
0.595306873321533203125000000000
0.466048926115036010742187500000
1.646395325660705566406250000000
0.277919262647628784179687500000
0.593055009841918945312500000000
0.777457237243652343750000000000
0.551575243473052978515625000000
0.052069596946239471435546875000
0.163872644305229187011718750000
0.154188632965087890625000000000
0.105708196759223937988281250000
0.158735036849975585937500000000
1.492325663566589355468750000000
0.227852851152420043945312500000
0.052964121103286743164062500000
1.439361453056335449218750000000
0.896908700466156005859375000000
1.386617541313171386718750000000
0.331844925880432128906250000000
1.075071930885314941406250000000
0.066441848874092102050781250000
1.205088496208190917968750000000
1.205088496208190917968750000000
0.247268453240394592285156250000
0.206496626138687133789062500000
0.414885103702545166015625000000
0.104474507272243499755859375000
0.339758515357971191406250000000
1.171071648597717285156250000000
0.332782000303268432617187500000
0.074944294989109039306640625000
0.081732772290706634521484375000
0.310088515281677246093750000000
0.016600454226136207580566406250
0.923803031444549560546875000000
0.907202541828155517578125000000
0.586511194705963134765625000000
0.401507437229156494140625000000
0.469496965408325195312500000000
0.251049220561981201171875000000
0.251049220561981201171875000000
0.713581562042236328125000000000
0.713581562042236328125000000000
0.006099255755543708801269531250
0.756186425685882568359375000000
0.439588457345962524414062500000
0.620127856731414794921875000000
0.597434401512145996093750000000
0.118991978466510772705078125000
0.597434401512145996093750000000
0.043064769357442855834960937500
0.079624369740486145019531250000
0.037116631865501403808593750000
0.196680337190628051757812500000
0.112088993191719055175781250000
0.104048699140548706054687500000
0.059576742351055145263671875000
0.323360592126846313476562500000
0.186175674200057983398437500000
0.280120998620986938476562500000
0.467484414577484130859375000000
0.077322408556938171386718750000
0.453764557838439941406250000000
0.438403904438018798828125000000
0.438403904438018798828125000000
0.313990533351898193359375000000
0.205235645174980163574218750000
0.078152514994144439697265625000
0.052852846682071685791015625000
0.125376492738723754882812500000
0.258518397808074951171875000000
0.243847340345382690429687500000
0.243847340345382690429687500000
0.218547672033309936523437500000
0.218547672033309936523437500000
0.029320849105715751647949218750
0.187363415956497192382812500000
0.180539414286613464355468750000
0.060779538005590438842773437500
0.180539414286613464355468750000
0.180539414286613464355468750000
0.022064507007598876953125000000
0.133141905069351196289062500000
0.081999003887176513671875000000
0.119759872555732727050781250000
0.117731556296348571777343750000
0.117731556296348571777343750000
0.117731556296348571777343750000
0.117731556296348571777343750000
0.117731556296348571777343750000
0.117731556296348571777343750000
0.062717035412788391113281250000
0.009250059723854064941406250000
0.071784496307373046875000000000
0.071784496307373046875000000000
0.062060367316007614135742187500
0.062060367316007614135742187500
0.062060367316007614135742187500
0.062060367316007614135742187500
0.048360001295804977416992187500
0.048360358923673629760742187500
0.000000357627868652343750000000
0.000000357627868652343750000000
