0.902783
0.902783
7.86645
3.2166
3.2166
1.71195
2.27321
0.347635
0.347635
1.92557
2.65534
3.84069
0.584037
0.00323237
0.01
0.01
0.00323237
0.257426
0.260659
0.406275
0.00276969
0.00276969
0.664164
0.175319
0.597944
0.597944
0.244308
1.91768
1.45222
0.189406
0.189406
1.26281
1.30771
6.59334
4.39644
0.0624563
0.0624563
2.36271
1.41666
1.23942
1.23942
0.177241
1.00851
0.713249
1.47375
0.418982
0.418982
1.05477
0.640618
1.60959
0.666401
0.346946
0.346946
0.319454
0.943193
0.504773
1.02405
7.41994
1.5077
0.0982768
0.0982768
1.3269
1.42517
0.082531
9.05065
1.65056
0.592748
0.592748
11.6162
1.5408
4.454
0.510485
0.214959
0.214959
0.273296
0.157699
0.142781
0.142781
0.014918
0.330557
0.0222299
0.794551
1.30504
10.8909
0.514839
0.514839
11.6811
6.0078