46 1
46 2
47 46
47 3
49 47
48 4
48 5
49 48
53 49
51 6
50 7
50 8
51 50
52 51
52 9
53 52
57 53
56 10
55 11
54 12
54 13
55 54
56 55
57 56
80 57
59 14
58 15
58 16
59 58
79 59
61 17
60 18
60 19
61 60
63 61
62 20
62 21
63 62
64 63
64 22
78 64
65 23
65 24
71 65
67 25
66 26
66 27
67 66
68 67
68 28
70 68
69 29
69 30
70 69
71 70
77 71
73 31
72 32
72 33
73 72
76 73
74 34
74 35
75 74
75 36
76 75
77 76
78 77
79 78
80 79
89 80
82 37
81 38
81 39
82 81
83 82
83 40
86 83
84 41
84 42
85 84
85 43
86 85
88 86
87 44
87 45
88 87
89 88