3.88127
3.88127
0.37814
1.69904
0.321451
0.321451
0.694032
0.759016
0.300805
0.300805
0.458211
0.256467
0.683555
1.05317
2.75221
1.5072
0.383657
2.70681
0.531047
0.531047
0.200729
0.0280389
0.0280389
0.703738
0.251047
0.16209
0.16209
0.820734
0.0489283
1.03175
0.783121
1.04437
0.00313114
0.00313114
1.04123
0.770507
0.891934
0.151589
0.116167
0.116167
0.999936
0.552428
0.552428
0.563675
0.605904
1.72201
1.06648
2.23557
2.23557
0.202784
0.912531
0.912531
1.52582
0.275459
0.01
0.01
2.71381
0.0746747
0.0699123
1.36958
0.0897789
0.0897789
0.0398
0.129579
0.341727
0.471306
1.87847
1.61787
0.320497
0.320497
1.29738
0.731898
1.69841
0.058602
0.058602
0.93421
0.103565
0.103565
0.487474
0.100649
0.100649
0.49039
0.401773
0.250059
0.246225
0.246225
0.996645
0.238289
0.254784
0.254784
1.08872
1.3435
0.127945
1.47145
0.00971059
2.56702
0.179803
0.415088