59 1
52 2
51 3
51 4
52 51
58 52
53 5
53 6
57 53
55 7
54 8
54 9
55 54
56 55
56 10
57 56
58 57
59 58
99 59
60 11
60 12
61 60
61 13
69 61
65 14
62 15
62 16
63 62
63 17
64 63
64 18
65 64
66 65
66 19
68 66
67 20
67 21
68 67
69 68
85 69
75 22
70 23
70 24
74 70
73 25
72 26
71 27
71 28
72 71
73 72
74 73
75 74
80 75
76 29
76 30
78 76
77 31
77 32
78 77
79 78
79 33
80 79
84 80
82 34
81 35
81 36
82 81
83 82
83 37
84 83
85 84
96 85
89 38
87 39
86 40
86 41
87 86
88 87
88 42
89 88
95 89
90 43
90 44
94 90
93 45
91 46
91 47
92 91
92 48
93 92
94 93
95 94
96 95
98 96
97 49
97 50
98 97
99 98