45 1
45 2
46 45
46 3
54 46
47 4
47 5
53 47
48 6
48 7
52 48
49 8
49 9
50 49
50 10
51 50
51 11
52 51
53 52
54 53
87 54
55 12
55 13
60 55
57 14
56 15
56 16
57 56
59 57
58 17
58 18
59 58
60 59
86 60
65 19
64 20
61 21
61 22
63 61
62 23
62 24
63 62
64 63
65 64
66 65
66 25
85 66
67 26
67 27
74 67
71 28
69 29
68 30
68 31
69 68
70 69
70 32
71 70
73 71
72 33
72 34
73 72
74 73
75 74
75 35
84 75
80 36
76 37
76 38
79 76
77 39
77 40
78 77
78 41
79 78
80 79
83 80
81 42
81 43
82 81
82 44
83 82
84 83
85 84
86 85
87 86