0.499356
0.499356
1.97497
2.47432
4.69916
0.0947394
0.0947394
1.22895
0.0452157
0.0452157
0.992692
0.0995118
0.0995118
0.323844
0.423356
0.14893
0.572286
0.465622
0.285781
5.84979
3.05946
0.701178
0.701178
4.76336
1.32727
0.747525
0.747525
0.579749
0.690323
0.00244334
0.00244334
2.01515
3.44694
3.42483
0.372717
0.234402
0.145021
0.145021
0.0723825
0.0670949
0.0670949
0.150309
0.0169979
0.138315
0.296203
0.668919
1.93432
0.281281
0.281281
0.635788
0.454271
0.19534
0.0253204
0.0253204
0.17002
0.0979861
0.293326
0.160945
0.318133
0.429928
0.429928
0.342477
0.144664
0.370952
1.28802
1.22617
2.069
0.356177
0.356177
1.07788
0.01
0.01
0.220726
0.220726
1.21333
0.634948
0.182271
0.280414
0.280414
0.014338
0.294752
1.95652
0.262919
0.089045
6.28613
1.34357