0.60389
0.110785
0.110785
0.493105
0.639163
0.105744
0.105744
1.13731
1.33013
0.818231
0.818231
1.4716
2.28983
0.28335
2.51989
0.562188
0.562188
4.12095
2.14415
0.823022
0.823022
0.109059
0.773769
0.773517
0.205949
0.205949
0.567568
0.000251622
0.158313
1.21207
0.923946
3.06809
1.61504
0.195725
0.735799
0.735799
1.6465
0.554976
0.357182
0.357182
0.147861
0.505043
0.0499327
0.137541
0.692517
0.747402
1.43992
0.942383
0.280926
2.66323
1.04649
1.17323
0.408465
0.408465
0.266613
0.675078
0.498154
2.2208
2.04942
1.18786
1.18786
0.394673
0.235667
0.235667
1.34686
0.294397
0.0161036
0.01
0.01
0.0161036
1.86082
0.172494
1.34461
0.315683
1.16914
0.214217
0.18681
1.43026
0.164355
0.164355
0.0183797
0.182735
0.143312
0.326047
1.10421
0.780847
2.21111
3.06878