0.107069
0.0540851
0.0540851
0.0529844
0.936879
0.775701
0.165994
0.165994
0.609707
0.268248
6.55831
3.23954
0.558387
0.558387
1.69491
1.62863
0.248698
0.248698
1.37994
0.0866912
0.271607
0.271607
0.120267
0.391874
1.08273
1.4746
0.240726
0.537969
0.850402
0.467912
0.28402
0.28402
0.183892
1.11296
1.58087
0.71315
0.624791
0.624791
0.5934
0.130277
0.130277
0.433875
0.01
0.01
0.564152
0.654039
0.469713
1.13322
1.00909
1.00909
0.0754159
1.08451
0.0487115
0.554686
0.60612
0.809673
0.135845
4.36272
1.61193
2.48895
2.48895
0.0855469
2.5745
0.719393
1.81994
1.03686
1.03686
0.783089
1.47395
1.80001
4.51849
4.51849
0.575411
4.12028
1.29852
0.654579
0.654579
9.85813