0.188858419656753540039062500000
1.245406031608581542968750000000
0.406849205493927001953125000000
0.795361280441284179687500000000
1.195394992828369140625000000000
0.156855046749114990234375000000
0.121702238917350769042968750000
1.015780568122863769531250000000
0.008272266946732997894287109375
0.636549651622772216796875000000
0.208867564797401428222656250000
0.072695456445217132568359375000
0.517679452896118164062500000000
0.813110589981079101562500000000
0.065697275102138519287109375000
0.754594385623931884765625000000
0.688897192478179931640625000000
0.191213667392730712890625000000
0.354384362697601318359375000000
0.162237048149108886718750000000
0.055788218975067138671875000000
0.514701485633850097656250000000
0.322554111480712890625000000000
0.322554111480712890625000000000
