0.369501
0.0214368
0.0214368
0.026157
0.0475938
0.321907
0.934761
1.30426
1.47164
0.564286
0.564286
2.21161
0.521158
1.60444
0.0221617
0.0221617
1.58227
1.69262
1.55432
1.4392
0.305006
0.305006
1.13419
0.283337
1.48184
1.48184
0.240699
0.394125
2.11666
1.44192
2.46018
0.777722
0.167476
0.01
0.01
0.167476
0.610246
1.68245
0.801932
2.00676
0.816635
0.685755
0.685755
0.13088
1.19013
1.25535
0.296476
1.29279
1.61167
1.03752
1.03752
0.0929282
1.13045
2.72048
0.546028
0.313341
0.313341
0.232687
2.82373
0.0556166
0.0556166
1.74413
1.02539
0.925132
0.925132
0.100262
0.774349
0.413863
2.21361
0.852049
2.94756
0.00663135
0.00663135
2.94093
0.118099
0.304106
0.48117
2.61211
0.785869
2.80598
2.57923
2.57923
0.0853693
1.13223
1.13223
1.53237
0.141386
4.44293