1.22925
0.000129028
0.000129028
1.22913
0.270229
1.49948
1.2042
1.12864
0.324228
0.324228
0.0879976
0.286517
0.286517
0.125709
0.716414
0.155535
1.28417
0.315898
1.60007
1.05699
0.471368
0.171733
0.171733
0.299634
0.152784
0.238724
0.238724
0.385427
0.465187
1.08934
0.0735842
0.796859
0.0269779
0.0269779
0.347633
0.374611
0.422248
0.366064
0.250959
1.41388
0.877344
2.08639
0.00708049
0.00708049
0.0157676
0.0228481
2.06354
0.204835
0.365841
0.0466134
0.0877988
0.0999841
0.0594329
0.0594329
0.0405512
1.58726
0.934427
0.01
0.01
0.934427
0.752819
1.10423
1.88182
3.30599
0.724136
0.0760078
0.0760078
0.253028
0.329036
0.3951
0.684219
0.0695848
0.0695848
0.858752
0.928337
0.480018
1.89764
1.3673