0.525938928127288818359375000000
0.321301519870758056640625000000
1.209026098251342773437500000000
0.662899017333984375000000000000
0.318824261426925659179687500000
0.530570566654205322265625000000
0.696973919868469238281250000000
0.179189950227737426757812500000
0.168776974081993103027343750000
0.485227584838867187500000000000
0.316451609134674072265625000000
0.274863839149475097656250000000
0.000000000000000000000000000000
0.000000998377799987792968750000
0.000000998377799987792968750000
0.000000998377799987792968750000
0.000000998377799987792968750000
0.000000998377799987792968750000
