0.0168871
0.0168871
0.449113
0.262687
0.262687
0.203313
0.78321
1.24921
0.722655
0.51581
0.51581
0.983044
0.587069
0.587069
0.911786
0.47301
3.05881
0.814505
0.246052
0.246052
0.568453
0.757739
1.57224
2.56263
4.05863
0.00356515
0.00356515
1.49594
1.4995
0.719823
2.21933
0.449498
0.443671
0.443671
0.906243
0.238853
0.238853
1.11106
1.31891
1.38981
0.0762414
0.444123
1.85826
1.52955
0.790389
0.790389
0.723203
0.119042
0.119042
0.180546
0.299588
0.53995
0.839538
0.674054
0.0159574
0.266024
0.0806284
0.0806284
1.16597
1.2466
0.548971
0.0626885
2.72073
0.451677
1.27252
0.0706176
0.0706176
0.962604
1.03322
4.19684
0.23237
0.23237
2.42475
0.477689
0.01
0.01
0.477689
1.70544
0.16501
0.16501
1.62046
1.78547
0.397657
0.473993
2.13802
4.79514
0.434921
1.07313