0.0604502
0.0604502
1.81973
0.764929
0.764929
1.11525
3.3619
1.92668
0.108056
0.108056
0.136047
0.0403983
0.0403983
0.203705
0.382908
0.627012
1.29967
3.3154
3.61723
0.908113
0.908113
2.96187
0.01
0.01
0.147655
0.147655
1.43735
0.298547
0.298547
1.28646
1.39495
1.42507
1.42507
0.238803
1.66387
1.31609
0.0986405
1.40397
0.118329
0.118329
0.0749316
0.193261
1.21071
1.67463
0.791379
1.76783
5.09471
2.09221
2.09221
3.0025
0.543102
0.0129688
0.0071487
0.0071487
5.64363
3.20853
0.79705
3.67132
3.67132
0.308852
3.98017
0.142081
2.21158
0.0489673
0.0489673
0.537942
0.586909
1.62467
1.91068
1.15644
0.250746
0.250746
2.08741
1.00673
1.00673
0.30729
1.213
1.213
0.101019
1.02413
1.66364
3.87456
0.171178
0.171178
2.71396
0.555669
0.555669
2.32946
0.989426
0.127232
1.2769
4.37767