5.41485
1.50309
1.50309
2.33418
0.466757
0.130549
0.130549
0.336208
1.80842
2.27517
0.512399
0.203077
0.203077
0.852369
0.63334
0.63334
0.337697
0.971036
0.0844093
1.73213
0.157159
0.0472028
0.0472028
0.659973
0.707176
2.23755
0.697789
3.64252
0.194759
1.21197
0.072331
0.072331
1.14771
0.999041
0.440207
0.440207
0.0355391
0.239867
0.239867
0.201861
0.441728
0.0340181
0.477684
0.549155
0.0269068
0.0269068
0.522248
0.404275
0.0456107
0.221002
3.8292
0.278435
0.01
0.01
0.120776
0.120776
3.126
3.24677
2.08091
0.0871734