154	155
154	156
155	157
155	158
158	159
158	160
157	161
157	162
159	163
159	164
160	165
160	99
165	166
165	167
161	168
161	169
169	170
169	100
162	171
162	101
164	102
164	103
168	172
168	173
156	174
156	104
163	175
163	176
166	177
166	105
167	178
167	179
170	180
170	181
179	182
179	106
172	183
172	184
174	185
174	186
175	187
175	188
177	107
177	189
178	190
178	191
185	192
185	193
190	194
190	195
191	196
191	197
184	198
184	199
186	108
186	109
188	200
188	201
189	110
189	111
176	202
176	203
183	204
183	205
199	112
199	206
204	207
204	113
202	208
202	209
194	210
194	211
187	212
187	114
206	1
206	213
182	214
182	215
196	216
196	115
198	217
198	218
200	219
200	220
197	116
197	117
213	118
213	2
195	119
195	221
214	222
214	223
171	224
171	225
180	226
180	227
203	120
203	228
208	121
208	229
222	122
222	123
209	124
209	230
215	125
215	231
223	232
223	233
193	234
193	126
224	235
224	236
181	237
181	238
220	239
220	240
225	127
225	128
236	129
236	130
201	3
201	241
232	4
232	131
216	132
216	242
217	243
217	133
219	244
219	245
234	134
234	246
173	135
173	247
228	136
228	248
229	249
229	250
230	251
230	252
231	137
231	253
233	138
233	254
251	139
251	255
210	256
210	257
221	140
221	5
255	258
255	259
247	260
247	261
250	262
250	263
260	264
260	265
207	266
207	141
192	267
192	268
212	269
212	6
256	270
256	271
205	272
205	7
257	273
257	8
246	274
246	275
211	276
211	9
266	142
266	277
253	143
253	278
263	10
263	279
254	144
254	11
252	145
252	280
264	281
264	282
248	12
248	283
262	13
262	284
261	14
261	285
265	146
265	147
271	15
271	148
235	16
235	17
240	18
240	19
218	20
218	286
239	21
239	22
267	23
267	24
269	287
269	25
270	149
270	288
226	289
226	26
272	290
272	27
237	291
237	292
273	150
273	28
274	293
274	29
276	30
276	31
227	32
227	33
238	151
238	34
277	294
277	35
293	36
293	37
268	38
268	39
288	40
288	41
242	295
242	152
243	296
243	297
278	298
278	299
241	42
241	43
297	44
297	300
296	45
296	301
244	46
244	302
295	47
295	48
245	303
245	49
303	50
303	51
289	52
289	53
286	54
286	55
275	56
275	57
292	58
292	153
291	59
291	60
281	61
281	62
280	304
280	305
258	63
258	64
259	65
259	66
249	67
249	68
302	69
302	70
301	71
301	72
300	73
300	74
299	75
299	76
285	77
285	78
298	79
298	80
279	81
279	82
304	83
304	84
282	85
282	86
283	87
283	88
284	89
284	90
305	91
305	92
287	93
287	94
290	95
290	96
294	97
294	98
