0.320229
0.320229
1.19589
0.673596
0.673596
0.842526
1.24703
2.76315
0.0319776
1.21453
0.113163
0.01
0.01
0.113163
0.0100748
0.123238
1.00967
1.1329
0.081629
0.331733
0.739702
0.739702
0.806564
0.152178
0.243679
0.243679
1.45477
0.574713
2.27316
0.521973
1.0776
0.0196209
0.0196209
1.19988
1.2195
0.362624
1.58213
0.583217
0.200155
0.200155
1.96519
1.07619
1.18856
0.198129
0.198129
0.99043
0.043379
0.633878
0.633878
0.59806
0.325588
0.112164
0.112164
0.775183
0.887347
0.130726
1.01807
0.221903
1.23998
0.317551
1.52113
0.95404
0.108441
0.108441
0.608232
0.553552
0.553552
0.163121
0.237366
0.116775
1.07081
0.111092
1.18191
0.482244
0.158405
0.158405
1.10422
1.26262
0.401526
0.912453
0.61982
0.61982
1.95678
0.479682
0.886744
0.886744
2.16954
0.0223676
0.162887
0.631193
0.0690858
0.128149
0.128149
0.670638
0.798788
3.14303