1.87071
1.87071
5.38296
0.01
0.01
1.59505
1.15206
1.15206
0.442992
0.0478703
0.419754
0.000295949
0.000295949
0.419459
0.415951
0.835706
0.807219
0.465982
0.683403
0.683403
1.04011
0.238161
0.238161
0.530079
0.359382
0.129206
0.129206
0.0157988
0.107821
0.107821
0.0371838
0.214377
0.00289116
0.362273
0.0182472
0.235848
0.235848
0.144672
0.387721
0.279897
0.572706
0.572706
0.475432
0.675374
0.385395
0.554945
1.08633
0.726655
0.726655
0.03839
0.765045
0.0488932
0.813938
0.272392
0.80514
1.65835
0.471361
0.471361
1.18699
0.233122
0.0823844
1.97385
0.689996
3.08956
0.166061
0.166061
5.58735
1.50026