parasite_leaf:,host_leaf
P17,H10
P17,H13
P70,H13
P71,H13
P66,H42
P67,H42
P51,H43
P65,H12
P65,H17
P64,H17
P72,H46
P73,H46
P55,H47
P31,H26
P52,H44
P53,H45
P68,H54
P69,H55
P80,H62
P81,H63
P27,H22
P35,H8
P35,H15
P78,H60
P79,H61
P63,H53
P44,H36
P45,H37
P60,H50
P61,H51
P82,H56
P83,H56
P75,H57
P84,H64
P85,H65
P77,H59
P86,H66
P87,H67
P41,H5
P41,H35
P56,H48
P57,H49
P58,H48
P59,H49
P43,H35
P36,H30
P37,H31
P33,H29
