47 1
47 2
50 47
48 3
48 4
49 48
49 5
50 49
51 50
51 6
57 51
55 7
52 8
52 9
54 52
53 10
53 11
54 53
55 54
56 55
56 12
57 56
59 57
58 13
58 14
59 58
91 59
60 15
60 16
64 60
63 17
62 18
61 19
61 20
62 61
63 62
64 63
85 64
69 21
68 22
67 23
65 24
65 25
66 65
66 26
67 66
68 67
69 68
84 69
70 27
70 28
83 70
72 29
71 30
71 31
72 71
73 72
73 32
82 73
81 33
75 34
74 35
74 36
75 74
80 75
76 37
76 38
79 76
78 39
77 40
77 41
78 77
79 78
80 79
81 80
82 81
83 82
84 83
85 84
90 85
89 42
86 43
86 44
88 86
87 45
87 46
88 87
89 88
90 89
91 90