2.33267
0.350049
0.350049
1.98262
1.85546
4.18812
0.78779
4.49021
1.96097
1.96097
2.52924
0.485703
2.18862
1.19526
0.0604575
0.0604575
1.13481
2.30077
0.0903783
0.0903783
3.0034
3.09378
0.402257
0.147046
0.140298
0.140298
0.397
0.42469
0.42469
0.00750601
0.01
0.01
0.0723483
0.0723483
0.0514852
0.123834
0.308362
0.105101
3.10579
3.52144
0.925154
0.518342
0.518342
2.44033
0.206088
0.206088
2.75259
1.37261
1.44327
0.112957
0.112957
0.408384
0.521341
0.649973
0.896698
0.896698
0.274616
0.271957
0.14654
1.09711
0.537653
0.537653
0.559453
0.492705
2.74148
3.75839