0.270817
0.270817
1.19524
0.880547
0.610528
0.258485
0.258485
0.286587
0.545072
0.0654557
0.270019
0.585511
0.192843
0.859192
0.53915
0.53915
0.0803219
0.0352652
0.0352652
0.584207
0.23972
0.632104
1.4913
0.167605
1.97565
3.53262
0.0452632
0.0452632
0.597163
0.642427
0.435268
1.0777
0.560887
1.02232
0.931056
0.868162
0.327652
0.327652
0.54051
0.0628935
0.0912643
0.57261
1.59493
0.0436531
1.83617
0.92618
0.0548869
0.0548869
0.871293
2.23741
2.0129
0.9958
0.182826
0.182826
0.812974
0.266986
1.26279
0.673115
0.673239
0.673239
0.187046
0.860285
0.369408
1.22969
0.706208
0.0770013
0.00109496
0.256172
0.256172
0.40226
0.01
0.01
0.658432
1.35557
0.327464
0.128861
0.128861
1.21884
1.3477
0.756434
0.586902
0.586902
0.385947
0.97285
0.0324149
0.0614735
0.0614735
0.0359518
0.0974254
0.907839
0.0954567
1.10072
1.00342
0.237323
0.822124
0.311169
0.0578684
0.101929