0.731183
0.521215
0.521215
0.209968
2.83377
0.710386
0.710386
0.536066
1.24645
2.3185
0.200566
3.76552
3.07106
1.79618
0.346274
0.228991
0.0549547
0.0549547
0.174036
0.117283
0.955469
1.02798
0.0910652
0.0910652
0.936919
7.80632e-05
1.02806
0.100955
1.12902
0.172724
0.494441
2.17177
0.825523
0.825523
1.71209
0.260614
0.260614
0.776732
1.03735
1.50027
0.241453
1.85256
1.41265
1.12996
0.116474
0.116474
0.557642
0.674116
0.455846
0.282687
0.439909
0.241351
2.09391
0.611926
1.67637
1.67637
0.567761
0.370338
0.01
0.01
0.370338
1.87379
0.461708
0.0732344
1.18888
2.86863