50 1
50 2
51 50
51 3
97 51
55 4
54 5
53 6
52 7
52 8
53 52
54 53
55 54
56 55
56 9
96 56
59 10
57 11
57 12
58 57
58 13
59 58
74 59
60 14
60 15
65 60
64 16
61 17
61 18
62 61
62 19
63 62
63 20
64 63
65 64
66 65
66 21
67 66
67 22
73 67
70 23
69 24
68 25
68 26
69 68
70 69
72 70
71 27
71 28
72 71
73 72
74 73
76 74
75 29
75 30
76 75
95 76
77 31
77 32
81 77
78 33
78 34
80 78
79 35
79 36
80 79
81 80
84 81
83 37
82 38
82 39
83 82
84 83
94 84
86 40
85 41
85 42
86 85
91 86
89 43
88 44
87 45
87 46
88 87
89 88
90 89
90 47
91 90
93 91
92 48
92 49
93 92
94 93
95 94
96 95
97 96