0.475246012210845947265625000000
0.596804261207580566406250000000
0.461146056652069091796875000000
0.118762895464897155761718750000
0.311190187931060791015625000000
0.224348336458206176757812500000
0.852014243602752685546875000000
0.708166420459747314453125000000
0.942049682140350341796875000000
0.942049682140350341796875000000
0.149329185485839843750000000000
0.265076339244842529296875000000
0.121228486299514770507812500000
0.121228486299514770507812500000
0.115747153759002685546875000000
0.115747153759002685546875000000
0.000000000000000000000000000000
0.000000000000000000000000000000
0.000000000000000000000000000000
0.000000000000000000000000000000
0.000000000000000000000000000000
0.000000000000000000000000000000
