0.00604022
0.00604022
0.399914
0.257259
0.257259
0.148695
0.220472
0.626426
0.122973
0.0483812
0.0483812
0.701018
0.969707
1.71911
1.13883
0.679967
0.570995
0.570995
0.108972
2.17797
1.60451
0.01
0.01
0.0910074
0.0910074
1.94095
2.03195
0.505712
0.733077
0.484662
0.484662
0.248415
1.80459
1.92478
1.47059
0.556596
0.556596
0.467276
0.62343
0.220277
0.220277
0.403154
0.400442
0.654131
0.101134
0.101134
0.605747
0.706881
0.723416
0.58454
0.58454
0.845757
0.181639
0.613198
0.613198
0.998738
0.0660673
1.94371
0.645838
0.375852
0.375852
0.260946
0.636798
0.00904009
0.0353357
0.681174
1.19781
1.87899
1.74273
2.31132
0.0794185
0.163507
0.163507
1.07751
1.24102
1.77041
2.77426
1.79784
1.79784
0.422103
2.21995
0.55431
0.237167
3.00103