0.785691
0.785691
0.987199
1.77289
6.21055
1.18864
0.113639
0.113639
0.296326
0.409965
0.348611
0.758576
0.430063
1.24613
1.40051
0.213944
0.213944
1.18656
1.03427
3.58847
0.0438422
0.0438422
0.327362
0.371204
5.65204
1.9602
0.0600973
1.16145
0.694592
0.31957
0.31957
0.375022
0.0646774
0.75927
0.402176
1.33843
0.616734
0.616734
0.507743
0.0299752
0.0299752
0.128677
0.158653
0.313642
0.442697
0.442697
0.0295973
0.267185
0.375701
0.375701
0.205218
0.01
0.01
0.580919
0.15856
0.384998
0.44955
0.776512
0.776512
0.797516
0.925846
3.40852
5.9084
2.13514