1.78304
0.403469
0.403469
1.37957
3.15635
1.3561
0.366403
0.366403
0.989699
0.755006
0.246761
0.0746359
0.0746359
0.172125
0.336322
0.583082
1.52803
1.62753
1.67226
0.94035
0.01
0.01
0.345818
0.345818
0.594532
0.731912
0.899257
2.13111
0.125063
0.125063
1.4334
1.01589
1.01589
0.175891
0.456696
0.456696
0.735085
0.366686
0.572646
0.440405
0.701464
2.27063
0.105136
0.105136
2.1655
1.00235
0.288761
1.7131
1.7131
0.0112857
0.749449
0.0907798
0.0907798
0.658669
0.0819052
0.831354
0.21818
0.14687
0.14687
0.902665
0.674856
1.0553
0.212293
0.212293
0.761619
0.190359
0.190359
0.783553
0.0988542
1.07277
0.164953
1.23772
1.54197
0.695474
0.0862709
0.0862709
0.775023
0.861294
2.61387
0.0865833
0.17689
0.366565
0.404284
0.404284
2.82512
2.06244
1.06478
1.06478
0.39639
1.46117
0.601272
1.16697
0.875793
0.834197