4.6517
0.840126
0.840126
0.583371
0.337259
0.337259
0.148105
0.485364
0.938133
3.2282
1.90531
2.10837
1.54331
0.233066
0.233066
1.31024
0.563631
0.537671
0.537671
1.56927
0.00142571
2.65896
1.35607
0.01
0.01
0.231184
0.231184
0.411235
0.642419
0.372521
1.01494
0.341131
0.130396
1.48647
0.383097
1.86956
0.875388
0.0322907
0.0322907
0.257393
0.289684
0.565552
0.855236
1.88972
2.02238
0.596646
0.239721
0.239721
0.345348
0.252452
0.109481
0.109481
0.142971
0.332617
3.89253
0.118906
0.118906
1.06029
0.329268
0.329268
0.849931
3.2984
0.886378
0.0886074
0.780318
0.780318
4.67227
1.10443
0.117708
5.31385
3.05899
3.05899
1.02472
2.22376
1.78024
1.78024
0.443522
1.85995
1.23013
1.36087
0.363815
7.03853