4.99209
0.01
0.01
1.34296
0.218143
0.218143
1.12482
1.15613
1.22887
1.22887
0.207099
0.273806
0.273806
1.16216
1.06312
0.0229617
1.06242
0.258526
0.258526
0.16084
0.419366
0.64305
1.45964
2.47004
1.63596
1.42271
1.3064
0.053174
0.053174
0.609388
0.662562
0.643836
0.116311
0.281059
1.70377
0.309986
2.01376
1.08356
2.58929
2.03881
0.369869
0.369869
0.340286
0.710154
1.32866
0.550482
0.484528
3.07382
0.023492
0.475849
0.906787
0.324603
0.324603
0.582184
2.66637
0.812162
0.632721
0.632721
0.455061
0.77126
0.0420228
0.0420228
0.528912
0.570935
0.200326
0.316521
3.29754
1.42636
0.399347
0.399347
3.62951
4.02886
0.0227424
0.363641
0.363641
3.68796
1.76008
0.816375