3.9925
3.9925
1.04252
0.780786
0.242864
0.242864
0.537921
4.25423
2.75988
0.355592
0.298047
0.298047
0.0575449
0.0172301
0.0698355
0.0698355
0.302986
7.15916
0.786201
0.786201
6.74578
0.262919
2.96064
0.0164708
0.0164708
1.68058
1.17407
1.17407
0.230209
0.206517
0.133188
0.133188
0.073329
1.19776
0.193938
0.38363
0.00362544
0.00362544
0.380004
1.21459
0.0988306
4.6919
0.230089
0.01
0.01
0.230089
0.871495
1.10158
0.748061
0.520199
0.520199
0.535168
0.0221811
0.0221811
0.512991
0.535173
0.520194
0.267093
1.32246
0.527185
0.00815434
0.0813959
0.0036138
0.0036138
0.0777821
0.343636
0.425032
1.43277
0.0460803
1.90388
4.48507
4.36659