0.768366336822509765625000000000
0.520850241184234619140625000000
0.386623710393905639648437500000
0.153117865324020385742187500000
1.092526078224182128906250000000
0.557748854160308837890625000000
0.534777283668518066406250000000
0.192265272140502929687500000000
0.246933296322822570800781250000
0.342512041330337524414062500000
0.095578745007514953613281250000
0.032504603266716003417968750000
0.063074141740798950195312500000
0.063074141740798950195312500000
0.000000000000000000000000000000
0.000000000000000000000000000000
0.000000000000000000000000000000
0.000000000000000000000000000000
