69 1
51 2
50 3
50 4
51 50
53 51
52 5
52 6
53 52
58 53
56 7
54 8
54 9
55 54
55 10
56 55
57 56
57 11
58 57
68 58
59 12
59 13
60 59
60 14
67 60
64 15
61 16
61 17
63 61
62 18
62 19
63 62
64 63
65 64
65 20
66 65
66 21
67 66
68 67
69 68
97 69
71 22
70 23
70 24
71 70
72 71
72 25
85 72
74 26
73 27
73 28
74 73
80 74
75 29
75 30
76 75
76 31
79 76
77 32
77 33
78 77
78 34
79 78
80 79
84 80
83 35
81 36
81 37
82 81
82 38
83 82
84 83
85 84
91 85
86 39
86 40
90 86
89 41
88 42
87 43
87 44
88 87
89 88
90 89
91 90
96 91
95 45
94 46
93 47
92 48
92 49
93 92
94 93
95 94
96 95
97 96