0.202912241220474243164062500000
0.402083992958068847656250000000
0.451257646083831787109375000000
0.799491703510284423828125000000
0.010450988076627254486083984375
0.144459679722785949707031250000
0.309251815080642700195312500000
1.379642963409423828125000000000
0.083526454865932464599609375000
0.409158229827880859375000000000
0.022807789966464042663574218750
0.325631767511367797851562500000
0.302823960781097412109375000000
0.302823960781097412109375000000
0.060924105346202850341796875000
0.060924105346202850341796875000
0.349047690629959106445312500000
0.758826017379760742187500000000
0.372161865234375000000000000000
0.442825108766555786132812500000
0.801580488681793212890625000000
0.176268801093101501464843750000
0.610581696033477783203125000000
0.130080997943878173828125000000
0.179424285888671875000000000000
0.191720545291900634765625000000
0.288578093051910400390625000000
0.009623899124562740325927734375
0.390464812517166137695312500000
0.229012921452522277832031250000
0.520189106464385986328125000000
0.520189106464385986328125000000
0.098415903747081756591796875000
0.099393591284751892089843750000
0.044357378035783767700195312500
0.150536611676216125488281250000
0.358737230300903320312500000000
0.145915359258651733398437500000
0.342306673526763916015625000000
0.316295206546783447265625000000
0.165578663349151611328125000000
0.316000819206237792968750000000
0.066074699163436889648437500000
0.077672995626926422119140625000
0.192095339298248291015625000000
0.337619960308074951171875000000
0.212821915745735168457031250000
0.074466012418270111083984375000
0.010915199294686317443847656250
0.241554290056228637695312500000
0.104165107011795043945312500000
0.040268231183290481567382812500
0.092854849994182586669921875000
0.190370842814445495605468750000
0.230060592293739318847656250000
0.145524635910987854003906250000
0.126473963260650634765625000000
0.126473963260650634765625000000
0.029976177960634231567382812500
0.029976177960634231567382812500
0.012241006828844547271728515625
0.026011463254690170288085937500
0.013770455494523048400878906250
0.013770455494523048400878906250
0.177845954895019531250000000000
0.177845954895019531250000000000
0.093309998512268066406250000000
0.112114086747169494628906250000
0.093309998512268066406250000000
0.177845954895019531250000000000
0.148408651351928710937500000000
0.177845954895019531250000000000
0.177845954895019531250000000000
0.177845954895019531250000000000
0.177845954895019531250000000000
0.177845954895019531250000000000
0.177845954895019531250000000000
0.177845954895019531250000000000
0.177845954895019531250000000000
0.087925352156162261962890625000
0.177845954895019531250000000000
0.177845954895019531250000000000
0.177845954895019531250000000000
0.177845954895019531250000000000
0.093309998512268066406250000000
0.177845954895019531250000000000
0.177845954895019531250000000000
0.177845954895019531250000000000
0.089920610189437866210937500000
0.089920610189437866210937500000
0.084535956382751464843750000000
0.084535956382751464843750000000
0.028008949011564254760742187500
0.084535956382751464843750000000
0.084535956382751464843750000000
0.084535956382751464843750000000
0.084535956382751464843750000000
0.084535956382751464843750000000
0.084535956382751464843750000000
0.084535956382751464843750000000
0.084535956382751464843750000000
0.084535956382751464843750000000
0.084535956382751464843750000000
0.084535956382751464843750000000
0.084535956382751464843750000000
0.084535956382751464843750000000
0.084535956382751464843750000000
0.084535956382751464843750000000
0.056527007371187210083007812500
0.056527007371187210083007812500
0.000000000000000000000000000000
0.000000000000000000000000000000
0.000000000000000000000000000000
0.000000000000000000000000000000
0.000000000000000000000000000000
0.000000000000000000000000000000
0.000000000000000000000000000000
0.000000000000000000000000000000
0.000000000000000000000000000000
0.000000000000000000000000000000
0.000000000000000000000000000000
0.000000000000000000000000000000
0.000000000000000000000000000000
0.000000000000000000000000000000
0.000000000000000000000000000000
0.000000000000000000000000000000
0.000000000000000000000000000000
0.000000000000000000000000000000
0.000000000000000000000000000000
0.000000000000000000000000000000
0.000000000000000000000000000000
0.000000000000000000000000000000
0.000000000000000000000000000000
0.000000000000000000000000000000
0.000000000000000000000000000000
0.000000000000000000000000000000
0.000000000000000000000000000000
0.000000000000000000000000000000
