56 1
49 2
48 3
47 4
47 5
48 47
49 48
53 49
51 6
50 7
50 8
51 50
52 51
52 9
53 52
55 53
54 10
54 11
55 54
56 55
58 56
57 12
57 13
58 57
91 58
71 14
59 15
59 16
64 59
60 17
60 18
61 60
61 19
62 61
62 20
63 62
63 21
64 63
70 64
66 22
65 23
65 24
66 65
67 66
67 25
69 67
68 26
68 27
69 68
70 69
71 70
73 71
72 28
72 29
73 72
77 73
74 30
74 31
76 74
75 32
75 33
76 75
77 76
90 77
86 34
78 35
78 36
80 78
79 37
79 38
80 79
82 80
81 39
81 40
82 81
85 82
84 41
83 42
83 43
84 83
85 84
86 85
89 86
88 44
87 45
87 46
88 87
89 88
90 89
91 90