3.1119
0.0449445
0.0449445
3.06696
0.727497
0.559648
0.559648
0.953611
1.51326
2.32614
1.11898
0.01
0.01
0.698113
0.698113
1.12724
0.294048
0.294048
1.53131
1.30979
0.0812555
0.0812555
0.472269
0.553525
0.122819
0.676344
2.14683
1.71138
0.127178
0.0276311
0.0276311
0.0995466
1.4917
1.61887
0.0925018
0.135417
1.84679
0.97638
0.122168
2.65024
1.11315
0.277198
0.277198
0.02805
0.305248
0.807902
1.53709
0.295102
0.189804
0.0185022
3.15365
1.80473
1.58266
4.63193
1.18705
1.18705
1.67214
2.85919
1.77274
1.14507
0.832633
0.832633
1.41958
0.428001
0.428001
1.06175
1.48975
0.762459
3.52479
0.764033
0.224938
6.76597