0.555632
0.555632
1.58384
1.19868
1.19868
0.940791
1.3072
2.68772
2.11786
2.11786
0.569858
0.196744
0.627187
0.401995
0.401995
0.225193
0.191547
0.818734
0.0235016
0.771896
0.771896
0.0703393
1.82494
1.42183
0.264905
0.264905
0.604535
0.86944
0.307023
0.551768
0.000296788
0.000296788
0.0136001
0.0138969
0.432641
0.446538
0.10523
0.113586
0.665354
0.338491
0.652868
0.652868
0.350977
0.129513
1.04107
0.01
0.01
0.247246
0.204311
0.204311
0.0429353
0.793827
0.0416228
1.0827
0.0506622
0.0431054
0.245366
1.24535
0.217283
0.2126
3.09706
0.349617