4.60504
0.278479
0.278479
0.278051
0.55653
0.978834
0.509758
0.509758
0.150709
0.660467
0.172216
0.602332
0.602332
0.230351
0.702681
0.919887
1.27878
0.0888647
0.0888647
0.517295
0.60616
0.0489096
0.655069
0.623712
0.035075
0.01
0.01
0.154515
0.154515
1.15934
0.447334
0.293302
0.293302
1.46789
0.694061
0.859999
0.335738
0.335738
2.97951
1.28979
0.642707
0.903566
0.0836415
0.0836415
0.0418353
0.125477
0.778089
0.67524
0.949366
0.949366
0.62944
2.27351
3.85231
0.36535
4.21766
1.03009
1.4705
0.0705061
0.0705061
1.35557
1.42607
3.2013
4.39555
3.39446
1.69861
0.555572
0.555572
1.1324
0.462553
0.462553
1.22542
0.0106304
1.69586
1.00109
0.231819
1.1778
5.80517
0.913086