0.904730200767517089843750000000
0.224209547042846679687500000000
0.489836543798446655273437500000
0.079442098736763000488281250000
1.309047460556030273437500000000
0.012275595217943191528320312500
0.356275767087936401367187500000
0.376625835895538330078125000000
0.124241359531879425048828125000
0.020350053906440734863281250000
0.010906876064836978912353515625
0.433149605989456176757812500000
1.307447075843811035156250000000
0.772850155830383300781250000000
0.860446274280548095703125000000
0.184229254722595214843750000000
0.290393412113189697265625000000
1.012749910354614257812500000000
0.379354536533355712890625000000
0.221194684505462646484375000000
0.065766818821430206298828125000
0.474155992269515991210937500000
0.715915083885192871093750000000
0.715912103652954101562500000000
0.534593701362609863281250000000
0.071417726576328277587890625000
0.409587413072586059570312500000
0.177402973175048828125000000000
0.351361989974975585937500000000
0.463176012039184570312500000000
0.090353064239025115966796875000
0.436090826988220214843750000000
0.111813999712467193603515625000
0.111817002296447753906250000000
0.111817002296447753906250000000
0.014460305683314800262451171875
0.000003002583980560302734375000
0.000003002583980560302734375000
0.000000000000000000000000000000
0.000003002583980560302734375000
0.000003002583980560302734375000
0.000003002583980560302734375000
0.000003002583980560302734375000
0.000003002583980560302734375000
0.000003002583980560302734375000
0.000003002583980560302734375000
0.000000000000000000000000000000
0.000003002583980560302734375000
0.000003002583980560302734375000
0.000003002583980560302734375000
