1.324659347534179687500000000000
0.226018145680427551269531250000
0.768866896629333496093750000000
0.014296499080955982208251953125
0.872084677219390869140625000000
0.158188104629516601562500000000
0.370004504919052124023437500000
0.329774349927902221679687500000
0.252490222454071044921875000000
0.120376817882061004638671875000
0.040230154991149902343750000000
0.152147993445396423339843750000
0.203511267900466918945312500000
0.152147993445396423339843750000
0.163377031683921813964843750000
0.635110378265380859375000000000
0.111917838454246520996093750000
0.499051332473754882812500000000
0.111917838454246520996093750000
0.635110378265380859375000000000
0.169422164559364318847656250000
0.301405340433120727539062500000
0.169422164559364318847656250000
0.269904702901840209960937500000
0.384557545185089111328125000000
0.523192465305328369140625000000
0.523192465305328369140625000000
0.279754191637039184570312500000
0.071893841028213500976562500000
0.353770375251770019531250000000
0.077745981514453887939453125000
0.264789581298828125000000000000
0.171344995498657226562500000000
0.281876534223556518554687500000
0.165492847561836242675781250000
0.165492847561836242675781250000
0.253287792205810546875000000000
0.253287792205810546875000000000
0.138634949922561645507812500000
0.005771148018538951873779296875
0.077632263302803039550781250000
0.132863804697990417480468750000
0.102028161287307739257812500000
0.110531538724899291992187500000
0.102028161287307739257812500000
0.110531538724899291992187500000
0.110531538724899291992187500000
0.110531538724899291992187500000
0.055231545120477676391601562500
0.055231545120477676391601562500
0.008503377437591552734375000000
0.008503377437591552734375000000
0.008503377437591552734375000000
0.008503377437591552734375000000
0.000000000000000000000000000000
0.000000000000000000000000000000
0.000000000000000000000000000000
0.000000000000000000000000000000
