1.14671
0.602324
0.602324
0.508491
1.11081
0.0358908
11.1488
0.00734555
0.00734555
1.60632
0.831028
0.831028
0.782639
1.59147
3.20514
6.0858
9.29093
3.00457
6.68542
0.238683
0.060547
0.060547
0.178136
5.57962
1.37895
0.244582
0.244582
1.13437
2.61142
1.11531
1.11531
2.87506
0.780301
0.394764
0.370354
0.370354
0.0244095
2.68118
0.154823
0.154823
0.192222
0.347045
0.110603
0.457648
2.6183
1.69472
1.04763
11.5955
0.408296
0.242324
0.242324
0.165972
2.06707
0.987758
0.01
0.01
0.755735
0.755735
0.163752
0.0269869
0.0269869
0.774887
0.801874
0.117613
0.0682709
1.48761
1.74236
1.46609
1.46609
2.75164
13.1961
1.56708