5.92126
1.6057
0.81584
0.81584
0.789858
1.09346
2.56191
0.284964
0.284964
0.293077
0.578041
0.320963
0.899005
1.66291
0.137247
1.04861
0.14839
0.14839
0.810686
0.201222
0.201222
0.757854
2.7887
1.41134
1.7696
1.27941
1.27941
0.490192
3.38951
0.762149
2.94467
0.495126
0.495126
0.0938925
0.589018
6.47577
1.10871
1.10871
5.27862
1.76873
1.76873
1.09908
0.705432
0.51067
0.51067
0.194762
1.3328
0.209702
0.209702
0.964622
0.0712954
0.0712954
1.10303
0.863907
0.829581
1.0873
3.73593
0.199956
0.199956
0.00752353
0.20748
0.633163
0.344945
0.344945
0.495699
1.47773
2.31837
1.41756
0.219188
2.43222
0.677456
0.349653
0.01
0.01
4.27389
4.27389
3.14055
1.45148