0.975957
0.975957
0.162732
1.06831
1.06831
0.0703757
2.58448
0.898062
0.898062
0.353367
0.819368
0.819368
0.43206
0.258401
1.50983
2.21334
0.229651
1.42938
1.15032
0.921299
0.921299
0.229025
0.279057
2.44287
0.88736
0.148003
0.148003
0.739357
2.11387
0.01
0.01
2.51012
2.2547
1.88896
0.0240095
0.0240095
0.113477
0.137487
1.75147
0.365745
0.25542
0.491106
0.604913
0.451652
0.0131145
0.0131145
0.438537
3.11945
0.734048
0.460505
0.0839718
0.0839718
0.376533
0.273543
0.716485
1.18907
0.915448
0.915448
0.0882353
1.00368
0.185391
0.261459
0.798647
1.61359
1.61359
0.635595
1.32193
0.0350374
0.266103
0.080577