47 1
46 2
46 3
47 46
54 47
48 4
48 5
49 48
49 6
53 49
51 7
50 8
50 9
51 50
52 51
52 10
53 52
54 53
58 54
55 11
55 12
57 55
56 13
56 14
57 56
58 57
89 58
59 15
59 16
62 59
60 17
60 18
61 60
61 19
62 61
88 62
67 20
64 21
63 22
63 23
64 63
66 64
65 24
65 25
66 65
67 66
74 67
68 26
68 27
73 68
69 28
69 29
71 69
70 30
70 31
71 70
72 71
72 32
73 72
74 73
87 74
76 33
75 34
75 35
76 75
78 76
77 36
77 37
78 77
80 78
79 38
79 39
80 79
83 80
81 40
81 41
82 81
82 42
83 82
86 83
84 43
84 44
85 84
85 45
86 85
87 86
88 87
89 88