0.213691443204879760742187500000
0.674794435501098632812500000000
0.557259321212768554687500000000
0.199802607297897338867187500000
0.573795735836029052734375000000
0.300200194120407104492187500000
0.312495350837707519531250000000
0.200042724609375000000000000000
0.273595571517944335937500000000
0.507495582103729248046875000000
0.149035483598709106445312500000
0.216339021921157836914062500000
0.112452611327171325683593750000
0.112452611327171325683593750000
0.340780049562454223632812500000
0.233900010585784912109375000000
0.340780049562454223632812500000
0.233900010585784912109375000000
0.280217289924621582031250000000
0.233900010585784912109375000000
0.340780049562454223632812500000
0.058083251118659973144531250000
0.334997773170471191406250000000
0.117678232491016387939453125000
0.340780049562454223632812500000
0.044321328401565551757812500000
0.189578667283058166503906250000
0.189578667283058166503906250000
0.011747467331588268280029296875
0.116221763193607330322265625000
0.106880024075508117675781250000
0.011765237897634506225585937500
0.778810203075408935546875000000
0.765497922897338867187500000000
0.357888847589492797851562500000
0.778810203075408935546875000000
0.279558360576629638671875000000
0.621143102645874023437500000000
0.447954148054122924804687500000
0.778810203075408935546875000000
0.445883214473724365234375000000
0.240534067153930664062500000000
0.734846413135528564453125000000
0.044354259967803955078125000000
0.731286227703094482421875000000
0.490164756774902343750000000000
0.479947209358215332031250000000
0.300490736961364746093750000000
0.060562752187252044677734375000
0.107616052031517028808593750000
0.285309612751007080078125000000
0.005782265216112136840820312500
0.047053299844264984130859375000
0.026671610772609710693359375000
0.080332949757575988769531250000
0.178342267870903015136718750000
0.658478915691375732421875000000
0.360157281160354614257812500000
0.047053299844264984130859375000
0.671930015087127685546875000000
0.047053299844264984130859375000
0.671930015087127685546875000000
0.671928822994232177734375000000
0.030585018917918205261230468750
0.047053299844264984130859375000
0.434629976749420166015625000000
0.645258426666259765625000000000
0.310156077146530151367187500000
0.224308207631111145019531250000
0.624876797199249267578125000000
0.207538798451423645019531250000
0.133101180195808410644531250000
0.382634460926055908203125000000
0.624876797199249267578125000000
0.160904258489608764648437500000
0.624876797199249267578125000000
0.114968813955783843994140625000
0.076857171952724456787109375000
0.578146040439605712890625000000
0.578146040439605712890625000000
0.240479677915573120117187500000
0.341335594654083251953125000000
0.432256162166595458984375000000
0.493587732315063476562500000000
0.031235972419381141662597656250
0.491775542497634887695312500000
0.015423439443111419677734375000
0.432707577943801879882812500000
0.460539549589157104492187500000
0.460539549589157104492187500000
0.086863890290260314941406250000
0.448549002408981323242187500000
0.231128424406051635742187500000
0.420921236276626586914062500000
0.011034816503524780273437500000
0.253610491752624511718750000000
0.367916762828826904296875000000
0.367916762828826904296875000000
0.071188293397426605224609375000
0.157474428415298461914062500000
0.146721407771110534667968750000
0.137518644332885742187500000000
0.035553548485040664672851562500
0.276880115270614624023437500000
0.261738568544387817382812500000
0.261738568544387817382812500000
0.254508614540100097656250000000
0.254508614540100097656250000000
0.228791192173957824707031250000
0.228791192173957824707031250000
0.144216001033782958984375000000
0.157665908336639404296875000000
0.061331570148468017578125000000
0.061331570148468017578125000000
0.013449900783598423004150390625
0.013451100327074527740478515625
0.013449900783598423004150390625
0.013449900783598423004150390625
0.013449900783598423004150390625
0.013449900783598423004150390625
0.013449900783598423004150390625
0.013449900783598423004150390625
0.013449900783598423004150390625
0.013451100327074527740478515625
0.013449900783598423004150390625
0.013449900783598423004150390625
0.013449900783598423004150390625
0.008465840481221675872802734375
0.013449900783598423004150390625
0.013449900783598423004150390625
0.013312282972037792205810546875
0.013312282972037792205810546875
0.000000000000000000000000000000
0.000001199543476104736328125000
0.000000000000000000000000000000
0.000001199543476104736328125000
0.000001199543476104736328125000
0.000001199543476104736328125000
0.000000000000000000000000000000
0.000001199543476104736328125000
0.000000000000000000000000000000
0.000001199543476104736328125000
0.000000000000000000000000000000
0.000001199543476104736328125000
0.000000000000000000000000000000
0.000001199543476104736328125000
0.000001199543476104736328125000
0.000001199543476104736328125000
0.000000000000000000000000000000
0.000001199543476104736328125000
0.000000000000000000000000000000
0.000001199543476104736328125000
0.000001199543476104736328125000
0.000001199543476104736328125000
0.000001199543476104736328125000
0.000001199543476104736328125000
0.000001199543476104736328125000
0.000001199543476104736328125000
0.000000000000000000000000000000
0.000001199543476104736328125000
0.000001199543476104736328125000
0.000001199543476104736328125000
0.000001199543476104736328125000
0.000001199543476104736328125000
0.000001199543476104736328125000
0.000001199543476104736328125000
0.000000000000000000000000000000
0.000001199543476104736328125000
0.000001199543476104736328125000
0.000001199543476104736328125000
0.000001199543476104736328125000
0.000001199543476104736328125000
0.000001199543476104736328125000
0.000001199543476104736328125000
0.000001199543476104736328125000
0.000001199543476104736328125000
0.000001199543476104736328125000
0.000001199543476104736328125000
0.000001199543476104736328125000
0.000001199543476104736328125000
0.000001199543476104736328125000
0.000001199543476104736328125000
