0.212810069322586059570312500000
0.087235122919082641601562500000
0.598345398902893066406250000000
1.787189960479736328125000000000
0.170132175087928771972656250000
0.852107226848602294921875000000
0.973697423934936523437500000000
0.624981105327606201171875000000
0.348716259002685546875000000000
0.393731355667114257812500000000
0.336737394332885742187500000000
0.336737394332885742187500000000
0.045007605105638504028320312500
0.045015100389719009399414062500
0.045007605105638504028320312500
0.032711151987314224243164062500
0.012303948402404785156250000000
0.012303948402404785156250000000
0.000007495284080505371093750000
0.000007495284080505371093750000
0.000007495284080505371093750000
0.000007495284080505371093750000
