0.368924558162689208984375000000
1.410871505737304687500000000000
0.459617048501968383789062500000
0.002975279465317726135253906250
0.164029926061630249023437500000
0.146699875593185424804687500000
0.731333792209625244140625000000
0.257617324590682983398437500000
0.605151414871215820312500000000
0.412419736385345458984375000000
0.558039367198944091796875000000
0.281939089298248291015625000000
0.129045829176902770996093750000
0.276100248098373413085937500000
0.262335389852523803710937500000
0.270715385675430297851562500000
0.039648968726396560668945312500
0.130900472402572631835937500000
0.091251499950885772705078125000
0.122340515255928039550781250000
0.031089015305042266845703125000
0.008379995822906494140625000000
0.031089015305042266845703125000
0.008379995822906494140625000000
0.031089015305042266845703125000
0.008379995822906494140625000000
0.031089015305042266845703125000
0.008379995822906494140625000000
0.031089015305042266845703125000
0.031089015305042266845703125000
0.022709019482135772705078125000
0.022709019482135772705078125000
0.022709019482135772705078125000
0.022709019482135772705078125000
0.022709019482135772705078125000
0.022709019482135772705078125000
0.022709019482135772705078125000
0.022709019482135772705078125000
0.022709019482135772705078125000
0.022709019482135772705078125000
0.000000000000000000000000000000
0.000000000000000000000000000000
0.000000000000000000000000000000
0.000000000000000000000000000000
0.000000000000000000000000000000
0.000000000000000000000000000000
0.000000000000000000000000000000
0.000000000000000000000000000000
0.000000000000000000000000000000
0.000000000000000000000000000000
0.000000000000000000000000000000
0.000000000000000000000000000000
