46 1
46 2
47 46
47 3
89 47
50 4
48 5
48 6
49 48
49 7
50 49
72 50
71 8
52 9
51 10
51 11
52 51
59 52
58 12
54 13
53 14
53 15
54 53
57 54
55 16
55 17
56 55
56 18
57 56
58 57
59 58
70 59
61 19
60 20
60 21
61 60
69 61
62 22
62 23
65 62
64 24
63 25
63 26
64 63
65 64
68 65
67 27
66 28
66 29
67 66
68 67
69 68
70 69
71 70
72 71
88 72
73 30
73 31
74 73
74 32
75 74
75 33
77 75
76 34
76 35
77 76
80 77
78 36
78 37
79 78
79 38
80 79
87 80
83 39
81 40
81 41
82 81
82 42
83 82
86 83
84 43
84 44
85 84
85 45
86 85
87 86
88 87
89 88