0.476621
0.476621
1.29939
1.21179
0.01
0.01
0.433054
0.0329518
0.0329518
0.400102
0.148765
0.58182
0.391846
0.973665
0.238122
0.564222
0.883295
2.65931
0.474928
0.952626
0.952626
0.607085
0.424659
0.424659
1.13505
0.48525
0.133022
0.00470304
0.00470304
0.0421393
0.0468424
0.0861791
0.239442
0.372464
1.6725
1.08927
0.870767
1.06485
0.481061
0.481061
0.58379
0.566878
0.167087
0.167087
0.336912
0.0362763
0.0362763
0.467723
1.12773
2.37327
0.971614
0.0938582
0.0938582
1.23741
0.549491
0.34721
0.34721
0.175103
0.522313
0.00385218
0.526165
0.0233259
0.480232
0.912813
0.912813
0.116911
0.301543
3.64535