1.021111965179443359375000000000
0.648038148880004882812500000000
1.351961851119995117187500000000
0.277181029319763183593750000000
0.863611817359924316406250000000
0.863611817359924316406250000000
0.170930758118629455566406250000
0.767719149589538574218750000000
0.409616738557815551757812500000
0.224471822381019592285156250000
0.157874196767807006835937500000
0.063397459685802459716796875000
0.334943234920501708984375000000
0.123774223029613494873046875000
0.010794573463499546051025390625
0.240466505289077758789062500000
0.211169004440307617187500000000
0.003858286188915371894836425781
0.211169004440307617187500000000
0.130925059318542480468750000000
0.211169004440307617187500000000
0.211169004440307617187500000000
0.211169004440307617187500000000
0.120333403348922729492187500000
0.207310721278190612792968750000
0.207310721278190612792968750000
0.080243945121765136718750000000
0.080243945121765136718750000000
0.000000000000000000000000000000
0.000000000000000000000000000000
