0.124179422855377197265625000000
0.752459824085235595703125000000
0.609079718589782714843750000000
0.686391770839691162109375000000
0.168093845248222351074218750000
0.404194504022598266601562500000
0.173642098903656005859375000000
0.052697964012622833251953125000
0.340356439352035522460937500000
0.340356439352035522460937500000
0.161753490567207336425781250000
0.219412356615066528320312500000
0.088792741298675537109375000000
0.156953811645507812500000000000
0.057658858597278594970703125000
0.057658858597278594970703125000
0.000000000000000000000000000000
0.000000000000000000000000000000
0.000000000000000000000000000000
0.000000000000000000000000000000
