1.90061
1.30209
0.824278
0.312959
0.312959
0.107622
0.420582
0.403696
0.477812
0.598524
0.3011
1.17302
0.140518
0.102381
0.102381
0.0381366
1.0325
0.165631
1.33865
0.453528
1.63684
1.22857
0.0970315
0.01
0.01
0.0970315
0.412511
0.0391283
0.0391283
0.470414
0.719029
0.408264
0.0822195
1.71905
0.0731272
0.409531
1.19958
0.38914
0.38914
0.738282
1.12742
1.66871
2.79613
0.605156
1.36363
4.76492
2.34359
0.0636086
0.0332708
0.0332708
0.0303378
0.687352
0.750961
1.76211
2.51307
4.59544
2.0186
6.88667
2.6043
0.559129
0.559129
2.04518
4.28237
1.72862
1.78361
0.306918
0.306918
1.3771
0.0436467
0.0436467
0.288155
0.331802
0.0310341
0.362836
1.32118
0.0995949
3.09391
1.76676
1.76676
3.11076
3.73777
0.511822