0.476415783166885375976562500000
0.047630276530981063842773437500
0.495055824518203735351562500000
0.223193541169166564941406250000
0.018714282661676406860351562500
0.722119510173797607421875000000
1.182157039642333984375000000000
0.441115647554397583007812500000
0.718768179416656494140625000000
1.523584127426147460937500000000
0.616422832012176513671875000000
0.615253627300262451171875000000
0.652270495891571044921875000000
0.207391992211341857910156250000
0.141354382038116455078125000000
0.578544020652770996093750000000
0.263516187667846679687500000000
0.263516187667846679687500000000
