0.587813913822174072265625000000
0.604741811752319335937500000000
1.412186026573181152343750000000
0.166534543037414550781250000000
0.005170220974832773208618164062
0.160020872950553894042968750000
0.058170109987258911132812500000
1.227890968322753906250000000000
0.050017714500427246093750000000
0.251197338104248046875000000000
0.266020387411117553710937500000
0.834244191646575927734375000000
1.080720543861389160156250000000
0.276215612888336181640625000000
0.129439115524291992187500000000
0.162197008728981018066406250000
0.032757889479398727416992187500
0.032757889479398727416992187500
