3.16129
3.16129
2.25299
3.50461
0.0872431
0.0872431
0.0128751
0.100118
0.910244
0.376715
0.376715
0.633647
0.609463
0.736534
0.736534
0.0611886
0.797722
0.822103
0.140904
1.76073
0.751192
0.45253
0.00561411
0.00561411
0.446915
0.39527
0.847799
0.145582
0.993381
1.51854
0.775736
3.16747
0.913302
0.54278
0.414233
0.414233
0.128547
0.370522
2.25417
0.120184
0.216949
1.90967
0.854019
0.668578
0.668578
0.0346957
0.703274
1.96714
2.67041
0.360148
0.01
0.01
0.97403
0.875371
0.875371
0.098659
0.722786
0.218736
0.218736
0.757141
0.975877
0.72094
1.33374
3.23774