2.000000000000000000000000000000
0.424457877874374389648437500000
0.344872623682022094726562500000
0.026044879108667373657226562500
0.069834679365158081054687500000
0.049101270735263824462890625000
0.018202235922217369079589843750
0.328087300062179565429687500000
0.160344257950782775878906250000
0.079261496663093566894531250000
0.715157866477966308593750000000
1.151575207710266113281250000000
0.265151381492614746093750000000
0.405964314937591552734375000000
0.664360880851745605468750000000
0.664360880851745605468750000000
