2.20416
0.528888
0.528888
1.67527
1.66111
3.86527
2.18531
0.883025
0.883025
1.06477
1.20281
1.20281
0.744983
1.74495
3.69275
0.859903
0.240434
0.240434
3.55936
0.23721
0.23721
1.90979
0.955794
0.524686
0.0684373
0.0684373
0.456249
0.431108
1.19121
1.65279
0.739917
0.485003
0.00960569
0.00960569
0.475397
2.40941
2.89441
0.437723
0.198691
0.198691
2.72221
2.9209
0.411232
0.0509514
1.40278
1.40278
1.85287
0.675736
0.675736
2.074
1.36494
1.36494
0.182452
1.5474
1.20234
0.50591
0.127442
0.934057
0.582433
0.582433
0.304565
0.208882
0.208882
0.176229
0.288352
0.288352
0.0967588
0.501886
0.0642968
0.951294
3.36585
0.222564
0.0129415
0.573758
0.991882
0.34996
0.250335
0.250335
0.0996246
0.641922
0.628074
1.61996
1.09141
0.01
0.01
2.71136
2.41505
0.924167