1.379591703414916992187500000000
1.453004360198974609375000000000
0.132416844367980957031250000000
0.048848204314708709716796875000
0.365203171968460083007812500000
0.142113268375396728515625000000
0.241682171821594238281250000000
0.363241016864776611328125000000
0.331155061721801757812500000000
0.004997563082724809646606445312
0.070962846279144287109375000000
0.246309325098991394042968750000
0.052202057093381881713867187500
0.181792497634887695312500000000
0.175346478819847106933593750000
0.175346478819847106933593750000
0.009470015764236450195312500000
0.129590436816215515136718750000
0.124750480055809020996093750000
0.071647405624389648437500000000
0.120120421051979064941406250000
0.120120421051979064941406250000
0.073727294802665710449218750000
0.073727294802665710449218750000
0.053103074431419372558593750000
0.053103074431419372558593750000
