0.334038048982620239257812500000
1.113516330718994140625000000000
0.136896029114723205566406250000
0.287585496902465820312500000000
1.529065966606140136718750000000
1.372724771499633789062500000000
0.201318308711051940917968750000
0.048768803477287292480468750000
0.029889872297644615173339843750
0.437007695436477661132812500000
0.424052685499191284179687500000
0.339556008577346801757812500000
0.248157635331153869628906250000
0.248157635331153869628906250000
0.231222778558731079101562500000
0.231222778558731079101562500000
0.156341135501861572265625000000
0.131707161664962768554687500000
0.000000000000000000000000000000
0.000000000000000000000000000000
0.000000000000000000000000000000
0.000000000000000000000000000000
0.000000000000000000000000000000
0.000000000000000000000000000000
