0.375169
0.375169
3.07451
2.00608
0.0742929
0.0742929
1.86235
0.0976452
0.0976452
1.839
0.0694403
1.4436
0.216214
3.66589
0.505634
0.987068
0.987068
0.421612
0.657165
0.214233
0.214233
0.0947263
0.071698
0.071698
0.237261
0.0695928
0.378552
0.278613
0.751515
0.111573
1.09781
0.0393063
0.0393063
0.22842
0.163398
0.163398
0.104328
0.367474
0.6352
0.210724
0.0848835
0.0848835
0.76104
0.0311083
0.877032
0.22078
0.422441
0.0457138
0.536633
0.536633
1.02933
2.60556
1.55571
1.13625
0.269171
0.01
0.01
0.269171
0.867077
2.22053
0.454295
0.454295
1.64437
1.30444
1.30444
0.371989
0.297292
0.297292
0.491929
0.78922
0.887213
0.422232
1.25811
2.37047