1.17629
0.90726
0.90726
0.26903
0.343024
1.02328
0.424757
0.18188
0.084783
0.084783
0.0970967
0.242878
0.598525
0.496032
0.0355324
1.55485
0.00463923
1.55949
0.501009
0.714616
0.441322
0.441322
0.273294
0.364596
0.00760052
0.00760052
1.07161
0.611043
1.69026
0.37024
1.57703
0.254792
0.254792
1.69211
0.329602
0.329602
0.30212
0.631722
0.138501
0.770223
0.933783
0.720585
0.720585
0.243136
0.963721
0.740285
0.242898
1.10213
0.0269637
0.0269637
1.61108
1.63805
0.701522
1.434
0.280116
0.280116
1.15389
0.905564
0.0666175
1.6929
0.0511306
0.0511306
0.398255
0.449386
1.24351
0.433726
0.45356
0.0481246
0.01
0.01
0.0481246
0.405435
0.405356
0.858916
1.26771
0.279564
0.642844
0.588491