50 1
50 2
51 50
51 3
61 51
54 4
52 5
52 6
53 52
53 7
54 53
60 54
59 8
58 9
56 10
55 11
55 12
56 55
57 56
57 13
58 57
59 58
60 59
61 60
67 61
62 14
62 15
66 62
64 16
63 17
63 18
64 63
65 64
65 19
66 65
67 66
73 67
68 20
68 21
70 68
69 22
69 23
70 69
72 70
71 24
71 25
72 71
73 72
97 73
75 26
74 27
74 28
75 74
96 75
91 29
76 30
76 31
77 76
77 32
79 77
78 33
78 34
79 78
85 79
80 35
80 36
82 80
81 37
81 38
82 81
83 82
83 39
84 83
84 40
85 84
90 85
86 41
86 42
89 86
87 43
87 44
88 87
88 45
89 88
90 89
91 90
95 91
92 46
92 47
94 92
93 48
93 49
94 93
95 94
96 95
97 96