0.0066716
0.0066716
4.67771
1.86837
1.13756
0.614977
0.147501
0.147501
0.467476
0.52258
0.730813
1.04413
2.9125
1.02996
0.921451
0.860791
0.860791
0.0606604
0.93179
1.85324
1.86703
3.72027
0.222182
0.202254
0.649606
0.362615
0.362615
0.151091
0.513706
0.108158
0.621863
0.0277426
1.69002
0.553119
0.014117
0.014117
0.539002
0.562309
0.352847
0.240562
0.240562
0.112285
0.612619
0.965466
0.149963
0.400897
0.190075
0.118367
0.01
0.01
0.118367
0.0717077
1.32625
0.517077
0.846054
0.846054
1.18735
0.306229
1.80508
0.236911
0.0503686
0.0503686
0.935534
0.0497505
0.0497505
0.936152
0.236963
1.22287
2.36247
3.1356
0.0299614
0.0299614
0.028463
0.0584244
0.16022
0.18304
0.18304
0.0356042
1.47706
1.6957
0.393824
2.08953
0.70675
2.79628
0.33932
0.44974
0.796281
0.302766