0.504204571247100830078125000000
0.391011297702789306640625000000
0.029129827395081520080566406250
0.100015141069889068603515625000
0.259994983673095703125000000000
0.895462751388549804687500000000
0.929341316223144531250000000000
0.929341316223144531250000000000
0.740231633186340332031250000000
0.681878805160522460937500000000
0.466438978910446166992187500000
0.466439008712768554687500000000
0.389804601669311523437500000000
0.466439008712768554687500000000
0.447058975696563720703125000000
0.466439008712768554687500000000
0.057254388928413391113281250000
0.057254388928413391113281250000
0.019379999488592147827148437500
0.019379999488592147827148437500
0.019379999488592147827148437500
0.019379999488592147827148437500
0.019379999488592147827148437500
0.019379999488592147827148437500
0.000000000000000000000000000000
0.000000033527612686157226562500
0.000000000000000000000000000000
0.000000033527612686157226562500
0.000000000000000000000000000000
0.000000033527612686157226562500
0.000000000000000000000000000000
0.000000033527612686157226562500
0.000000033527612686157226562500
0.000000033527612686157226562500
0.000000033527612686157226562500
0.000000033527612686157226562500
0.000000033527612686157226562500
0.000000033527612686157226562500
0.000000033527612686157226562500
0.000000033527612686157226562500
0.000000033527612686157226562500
0.000000033527612686157226562500
0.000000033527612686157226562500
0.000000033527612686157226562500
0.000000033527612686157226562500
0.000000033527612686157226562500
