2.19585
0.36425
0.36425
0.202736
0.54175
0.54175
0.0252369
1.35417
1.92116
0.27469
5.29551
0.510274
0.208052
0.208052
0.219754
0.427807
0.0824673
1.07798
0.409752
0.409752
1.1785
0.435381
0.179854
0.179854
0.191378
0.371232
1.6524
3.64214
1.09185
0.107411
0.107411
0.984441
1.6644
0.99194
0.99194
0.312298
1.30424
1.45202
0.0382068
2.79446
0.447162
3.24162
0.650516
1.40451
0.732076
0.278229
0.278229
0.453848
0.672429
1.8346
1.69715
1.61811
1.61811
0.0790461
1.54195
0.653037
0.111453
0.890465
0.0109766
0.0109766
0.879488
3.11313
1.66218
0.870737
2.49961
0.355177
0.145795
0.145795
0.209381
0.501343
0.0369641
0.0369641
0.819555
0.193449
0.261245
0.261245
0.788723
0.0515902
0.430189
0.430189
0.576348
0.690031
0.01
0.01
0.690031
0.16332
0.853351
0.153186
0.0950214
1.39805
2.90948
5.40909
0.463188
0.0372106
0.0372106
5.83507
0.664228
0.954847