0.966953
0.966953
1.97937
0.920071
0.901238
0.323518
0.323518
0.57772
0.0188327
2.02625
0.594968
0.19952
0.19952
0.49095
0.69047
0.194661
0.0241064
0.0241064
0.14485
0.168956
0.716175
0.157324
1.04245
1.08511
0.586875
0.586875
1.5407
1.1227
1.60313
0.637267
0.637267
0.0499329
0.6872
0.915934
0.615155
0.402535
0.402535
1.50989
0.0476306
0.0476306
0.164926
0.212557
0.488931
0.701488
1.06298
1.76447
0.147962
0.30586
0.610756
0.460858
0.460858
2.36819
0.0750147
0.129785
0.129785
1.7827
1.91249
0.991572
0.34621
0.0503123
0.00716874
0.00716874
0.144683
0.151852
0.860497
0.01
0.01
0.32918
0.32918
0.683169
0.0928888
1.10524
2.19534
0.240713