1.24179
0.572997
0.572997
0.433553
1.00655
0.235238
0.236293
0.248459
0.248459
1.22962
4.44548
0.614037
0.614037
5.30953
5.09461
0.155564
0.155564
2.09666
2.25223
8.76595
3.02215
0.172464
0.172464
1.02648
0.0839891
0.0839891
0.163558
0.247547
0.570952
0.615974
0.615974
0.202525
0.171607
0.990107
0.0740564
0.130003
0.130003
0.93416
0.128512
0.650589
0.109939
0.109939
0.0260466
0.135986
0.514603
0.542086
0.00626881
0.814116
2.01306
0.260237
2.2733
0.427826
2.70112
6.88963
2.57351
2.57351
3.73824
0.394923
0.01
0.01
0.394923
5.91683
3.279
4.44958
3.28435
1.78539
1.1167
0.449463
0.449463
0.226343
0.675806
0.44089
0.668697
6.19346
0.959944
0.368505
0.368505
0.504364
0.872869
0.0870748
7.0189
6.91398
5.54949
2.44711
2.44711
1.72571
4.17282
1.37667
9.34333
2.43185