1.68517
1.68517
0.742846
0.45283
0.0618404
0.0219321
0.0219321
0.0399083
0.39099
1.97519
1.16512
3.59314
4.79178
0.0551139
0.0551139
0.0852917
0.140406
3.55194
1.64565
1.64565
2.0467
4.69258
14.5933
1.61961
0.629409
0.0109298
0.0109298
0.618479
0.990198
0.0948656
0.0119498
0.0119498
1.70252
2.09243
1.06436
1.06436
0.719856
1.09258
0.0395792
0.0395792
1.05301
0.691635
2.02268
0.391242
3.9588
0.01
0.01
3.9588
0.23934
5.29467
0.976577
0.976577
1.63519
0.483494
0.123772
0.123772
0.359721
1.01502
0.322052
0.322052
0.741234
1.06329
0.125942
0.528875
0.528875
0.660354
0.309282
1.11325
2.94519
0.28778
0.28778
2.21709
0.851828
0.706219
0.706219
0.145609
0.115413
0.210597
0.210597
0.756643
1.53763
3.05209
3.93585
13.4854