0.463474
0.00572739
0.00572739
0.457747
1.39749
1.57287
0.010002
0.010002
1.56286
0.288102
0.583915
2.44488
0.741615
2.54198
1.93018
0.01
0.01
0.0813161
0.0813161
0.310677
0.391993
1.53395
0.70092
0.70092
1.22502
0.00423963
0.611796
0.173066
0.718945
0.0174786
0.0174786
0.701466
0.400581
1.11953
1.59552
0.171305
1.94704
0.0822681
0.0822681
0.00914047
0.0914086
0.743601
0.200799
0.200799
0.12298
0.323779
0.51123
1.11203
0.0740924
0.649917
0.256853
0.256853
0.393065
0.0767477
0.467701
0.139396
0.139396
0.328305
0.258964
1.29447
0.371298
2.39243
0.493919
0.300148
0.781444
3.94969
3.5468
0.400181
0.400181
0.166087
0.232974
0.232974
0.333294
0.830301
0.991754
0.934098
0.56631
0.56631
0.367788
0.0576551
0.206804
1.19856
0.198011
1.97768
0.0209997
0.0209997
3.35325
0.172556
0.402888
0.0182518
0.792035
4.75998