49 1
48 2
48 3
49 48
52 49
51 4
50 5
50 6
51 50
52 51
53 52
53 7
79 53
60 8
59 9
54 10
54 11
55 54
55 12
56 55
56 13
58 56
57 14
57 15
58 57
59 58
60 59
64 60
62 16
61 17
61 18
62 61
63 62
63 19
64 63
78 64
70 20
65 21
65 22
66 65
66 23
69 66
67 24
67 25
68 67
68 26
69 68
70 69
76 70
72 27
71 28
71 29
72 71
75 72
74 30
73 31
73 32
74 73
75 74
76 75
77 76
77 33
78 77
79 78
92 79
91 34
90 35
80 36
80 37
82 80
81 38
81 39
82 81
87 82
85 40
84 41
83 42
83 43
84 83
85 84
86 85
86 44
87 86
89 87
88 45
88 46
89 88
90 89
91 90
92 91
93 92
93 47