0.432857751846313476562500000000
1.329867243766784667968750000000
0.948356807231903076171875000000
0.703955233097076416015625000000
0.863186836242675781250000000000
0.209741547703742980957031250000
0.653445363044738769531250000000
0.653445363044738769531250000000
0.319675534963607788085937500000
0.029148852452635765075683593750
0.589636445045471191406250000000
0.269050210714340209960937500000
0.045203357934951782226562500000
0.320586264133453369140625000000
0.020401742309331893920898437500
0.299109786748886108398437500000
0.042611505836248397827148437500
0.278708040714263916015625000000
0.098043039441108703613281250000
0.275382936000823974609375000000
0.236096546053886413574218750000
0.236096546053886413574218750000
