0.0291538
0.0291538
7.70933
2.17417
0.272411
0.272411
1.90175
5.42237
3.53019
0.533851
0.533851
1.99607
1.0924
1.0924
0.456356
0.573431
0.0919499
0.0919499
0.481481
0.975327
0.981167
1.00026
4.06634
0.141949
12.173
0.432494
0.01
0.01
0.432494
0.654768
1.08726
0.274646
1.24701
1.24701
0.1149
0.327837
1.08338
0.913814
0.28056
0.28056
0.312695
0.593255
0.320558
0.169571
0.60636
0.2465
0.166706
0.00636782
0.00636782
0.160338
1.76954
7.08165
2.40269
0.359946
0.359946
0.95573
1.0843
0.412089
0.412089
0.672214
0.231373
1.08701
3.02956
0.139807
0.139807
2.98287
3.12268
1.31114
1.98547
1.98547
0.0185982
1.78762
1.78762
0.216452
0.230981
0.48488
0.48488
1.75017
2.19876
0.998435
3.58565
10.8936