0.154676884412765502929687500000
0.466238796710968017578125000000
0.330371439456939697265625000000
0.476383298635482788085937500000
0.223610579967498779296875000000
0.198906317353248596191406250000
0.144484326243400573730468750000
0.857913911342620849609375000000
0.015057611279189586639404296875
0.169078812003135681152343750000
0.972905993461608886718750000000
0.697261095046997070312500000000
0.392157405614852905273437500000
1.037115573883056640625000000000
0.059463880956172943115234375000
0.860123872756958007812500000000
0.114109463989734649658203125000
0.578593492507934570312500000000
0.032610822468996047973632812500
0.450026810169219970703125000000
