0.177855
0.177855
3.72116
0.0155919
0.0155919
0.749748
0.1705
0.1705
0.59484
0.554223
0.8839
0.8839
0.435663
1.84103
2.79561
0.351734
0.351734
0.518519
0.870253
1.92535
0.364992
0.738421
1.60785
1.95815
1.55871
1.55871
0.0729335
0.43861
0.43861
0.646893
1.0855
0.546142
0.326507
0.7725
0.445823
0.00322477
0.00322477
0.442599
0.906414
1.35224
1.37841
1.11518
1.012
1.012
2.83383
1.25202
0.927206
0.927206
0.228406
0.0842604
0.0842604
1.07135
0.292814
1.44843
1.56337
0.816233
0.816233
0.481987
0.01
0.01
0.587605
0.587605
0.710616
1.71358
2.05025
0.717193
0.717193
0.145598
0.86279
0.776276
0.901641
0.901641
0.737425
2.82824
0.0643919
0.0643919
3.91537
1.9177
1.90741
0.00534847
0.00534847
0.0117164
0.0170649
0.0923532
0.109418
1.6567
1.76612
0.141288
0.0102892
2.06206
0.487545
0.594748
0.0357948
0.409024