49 1
49 2
59 49
50 3
50 4
52 50
51 5
51 6
52 51
54 52
53 7
53 8
54 53
58 54
57 9
55 10
55 11
56 55
56 12
57 56
58 57
59 58
95 59
64 13
60 14
60 15
63 60
61 16
61 17
62 61
62 18
63 62
64 63
68 64
66 19
65 20
65 21
66 65
67 66
67 22
68 67
70 68
69 23
69 24
70 69
94 70
71 25
71 26
73 71
72 27
72 28
73 72
74 73
74 29
79 74
75 30
75 31
78 75
76 32
76 33
77 76
77 34
78 77
79 78
93 79
80 35
80 36
81 80
81 37
83 81
82 38
82 39
83 82
92 83
84 40
84 41
91 84
90 42
89 43
85 44
85 45
86 85
86 46
87 86
87 47
88 87
88 48
89 88
90 89
91 90
92 91
93 92
94 93
95 94