0.258689671754837036132812500000
1.060960054397583007812500000000
0.802270293235778808593750000000
0.572888910770416259765625000000
0.406280010938644409179687500000
0.253150701522827148437500000000
0.406280010938644409179687500000
0.371171444654464721679687500000
0.685889303684234619140625000000
0.685889303684234619140625000000
0.529169976711273193359375000000
0.397208005189895629882812500000
0.284426838159561157226562500000
0.397208005189895629882812500000
0.004523816052824258804321289062
0.135552003979682922363281250000
0.135552003979682922363281250000
0.135552003979682922363281250000
0.131028190255165100097656250000
0.131028190255165100097656250000
0.003589607775211334228515625000
0.003589607775211334228515625000
0.000000000000000000000000000000
0.000000436790287494659423828125
0.000000436790287494659423828125
0.000000436790287494659423828125
0.000000436790287494659423828125
0.000000436790287494659423828125
