52 1
49 2
49 3
51 49
50 4
50 5
51 50
52 51
57 52
53 6
53 7
54 53
54 8
56 54
55 9
55 10
56 55
57 56
63 57
62 11
58 12
58 13
61 58
59 14
59 15
60 59
60 16
61 60
62 61
63 62
72 63
65 17
64 18
64 19
65 64
66 65
66 20
70 66
67 21
67 22
69 67
68 23
68 24
69 68
70 69
71 70
71 25
72 71
95 72
76 26
73 27
73 28
75 73
74 29
74 30
75 74
76 75
87 76
86 31
85 32
81 33
77 34
77 35
80 77
79 36
78 37
78 38
79 78
80 79
81 80
84 81
83 39
82 40
82 41
83 82
84 83
85 84
86 85
87 86
94 87
88 42
88 43
90 88
89 44
89 45
90 89
93 90
91 46
91 47
92 91
92 48
93 92
94 93
95 94