1.81218
0.378361
0.378361
0.885158
1.26352
0.548659
1.90703
1.77309
1.72862
0.938107
0.498801
0.498801
0.439306
0.790513
0.0444709
0.34023
1.1161
0.178086
0.01
0.01
0.178086
0.708441
0.886526
0.229576
0.997219
0.660826
0.0952628
0.0345324
0.0345324
0.0607304
1.09885
1.0177
1.0177
0.111184
0.870315
0.269223
0.269223
0.601092
0.258566
0.0652347
0.0779241
1.27204
1.50211
0.580742
1.27867
0.329225
0.0782412
0.0782412
0.250983
0.949449
0.740282
0.658544
0.658544
1.36041
0.515957
2.53491
0.819977
0.364315
1.28458
2.90545
2.1286
1.53541
0.918367
0.918367
0.617044
0.59319
0.0649915
0.501617
0.501617
1.69198
0.711861
2.09833
2.21133
0.156281
0.156281
2.55106
1.66062
0.950813
0.950813
0.709808
1.04672
4.50778