0.113990955054759979248046875000
1.652342677116394042968750000000
0.790335178375244140625000000000
0.634005665779113769531250000000
1.252003669738769531250000000000
0.414655655622482299804687500000
0.408704102039337158203125000000
0.026005573570728302001953125000
1.069668412208557128906250000000
0.901105463504791259765625000000
0.294208109378814697265625000000
0.686969876289367675781250000000
0.392761856317520141601562500000
0.371278703212738037109375000000
0.201438471674919128417968750000
0.277704149484634399414062500000
0.168563008308410644531250000000
0.168563008308410644531250000000
0.146218895912170410156250000000
0.101844280958175659179687500000
