0.603264987468719482421875000000
0.415401428937911987304687500000
0.946260571479797363281250000000
0.335843652486801147460937500000
0.011100132949650287628173828125
0.462370604276657104492187500000
0.399162381887435913085937500000
0.815395653247833251953125000000
0.535646975040435791015625000000
0.786384284496307373046875000000
0.638338029384613037109375000000
0.638338029384613037109375000000
0.250737369060516357421875000000
0.147058978676795959472656250000
0.103678360581398010253906250000
0.103678360581398010253906250000
