1.187500000000000000000000000000
1.187500000000000000000000000000
0.859375000000000000000000000000
2.977539062500000000000000000000
0.859375000000000000000000000000
2.977539062500000000000000000000
0.920898437500000000000000000000
0.694335937500000000000000000000
0.920898437500000000000000000000
0.694335937500000000000000000000
0.445312500000000000000000000000
1.466796875000000000000000000000
0.445312500000000000000000000000
1.466796875000000000000000000000
0.974609375000000000000000000000
0.699218750000000000000000000000
0.974609375000000000000000000000
0.699218750000000000000000000000
0.035156250000000000000000000000
1.161132812500000000000000000000
0.035156250000000000000000000000
1.161132812500000000000000000000
1.280502319335937500000000000000
0.623046875000000000000000000000
1.280502319335937500000000000000
0.623046875000000000000000000000
0.171875000000000000000000000000
0.230468750000000000000000000000
0.171875000000000000000000000000
0.230468750000000000000000000000
0.150390625000000000000000000000
0.663314819335937500000000000000
0.150390625000000000000000000000
0.663314819335937500000000000000
0.048828125000000000000000000000
0.657455444335937500000000000000
0.048828125000000000000000000000
0.657455444335937500000000000000
0.519760131835937500000000000000
0.608627319335937500000000000000
0.519760131835937500000000000000
0.608627319335937500000000000000
0.604721069335937500000000000000
0.604721069335937500000000000000
0.604721069335937500000000000000
0.604721069335937500000000000000
0.281250000000000000000000000000
0.559799194335937500000000000000
0.281250000000000000000000000000
0.559799194335937500000000000000
0.512924194335937500000000000000
0.512924194335937500000000000000
0.512924194335937500000000000000
0.512924194335937500000000000000
0.337142944335937500000000000000
0.337142944335937500000000000000
0.337142944335937500000000000000
0.337142944335937500000000000000
0.294174194335937500000000000000
0.294174194335937500000000000000
0.294174194335937500000000000000
0.294174194335937500000000000000
0.278549194335937500000000000000
0.278549194335937500000000000000
0.278549194335937500000000000000
0.278549194335937500000000000000
0.154525756835937500000000000000
0.154525756835937500000000000000
0.154525756835937500000000000000
0.154525756835937500000000000000
0.088867187500000000000000000000
0.088867187500000000000000000000
0.088867187500000000000000000000
0.088867187500000000000000000000
0.000000000000000000000000000000
0.000000000000000000000000000000
0.000000000000000000000000000000
0.000000000000000000000000000000
