47 1
47 2
48 47
48 3
57 48
49 4
49 5
50 49
50 6
52 50
51 7
51 8
52 51
56 52
53 9
53 10
55 53
54 11
54 12
55 54
56 55
57 56
73 57
58 13
58 14
59 58
59 15
61 59
60 16
60 17
61 60
66 61
62 18
62 19
65 62
64 20
63 21
63 22
64 63
65 64
66 65
71 66
70 23
67 24
67 25
69 67
68 26
68 27
69 68
70 69
71 70
72 71
72 28
73 72
91 73
75 29
74 30
74 31
75 74
81 75
76 32
76 33
80 76
77 34
77 35
79 77
78 36
78 37
79 78
80 79
81 80
90 81
83 38
82 39
82 40
83 82
89 83
88 41
85 42
84 43
84 44
85 84
86 85
86 45
87 86
87 46
88 87
89 88
90 89
91 90