0.219612
0.219612
0.150678
0.37029
0.0358528
0.406143
2.09122
2.49736
4.15093
1.35551
1.22494
1.22494
0.130574
2.68384
1.62518
0.340229
0.340229
1.28495
2.41418
2.14325
0.44994
0.44994
0.726899
1.17684
0.555536
1.73238
0.302234
0.0617512
0.0617512
0.649778
0.71153
1.32308
0.667747
0.818663
0.173694
0.00376214
0.00376214
0.169932
0.64497
1.88369
1.00653
0.783259
0.783259
0.833141
0.545949
0.545949
1.07045
2.09249
0.370793
4.07968
0.71548
0.01
0.01
1.68632
1.06085
0.0611957
0.0611957
0.387676
0.448872
0.335056
0.00748264
0.00748264
0.201109
0.208592
0.529141
0.256442
0.256442
0.481291
0.0461942
0.276918
0.625478
1.45766
0.714885
0.714885
2.4291
0.782557
0.679141
0.679141
0.138539
0.817679
0.615517
1.4332
2.49334
0.868619
0.319527
0.415979
0.415979
0.73293
1.14891
0.744077
1.89299
3.2217
1.06792
0.465689