1.30601
1.30601
0.166874
0.455252
0.455252
0.18083
0.636082
0.0348354
0.497583
0.497583
0.173334
0.337928
0.267907
0.267907
0.262538
0.530445
0.198209
0.627519
0.400343
0.227844
0.227844
0.172499
0.227175
0.026061
0.65358
0.0750744
0.280191
0.464041
0.361088
1.83397
0.319603
1.81905
1.60255
1.60255
0.216502
0.334527
0.706174
0.00207457
0.00207457
2.85768
0.49619
1.61581
1.26504
1.26504
0.101605
0.359864
0.359864
1.00678
0.249168
1.74013
1.05275
4.40869
0.12166
1.74471
0.01
0.01
1.25803
0.0633722
0.0633722
1.19466
0.486678
2.78564