0.500774
0.500774
0.593721
1.09449
7.71304
3.07244
2.2204
0.778394
0.193511
0.0844829
0.0844829
0.109028
0.125085
0.318596
0.459798
0.884398
0.25453
0.25453
0.0153925
0.269923
0.25804
0.527963
0.100597
0.62856
0.158845
0.01
0.01
0.245781
0.0289171
0.0289171
0.143899
0.172816
0.0729642
0.541624
0.719697
1.16878
0.578098
0.344073
0.253098
0.253098
0.0909753
0.234025
0.59068
0.338323
0.155691
0.557609
0.852035
5.7351
7.21632
0.0616262
0.0616262
3.01767
3.0793
0.478271
0.752777
0.752777
2.80479
12.4663