0.283077
0.283077
1.01735
1.30043
0.346288
0.0409101
0.0409101
1.10492
0.320112
0.320112
0.825714
0.22228
0.201692
0.201692
0.75377
0.0833133
0.0833133
0.204559
0.287872
0.66759
0.199539
0.263667
0.263667
0.891335
0.123711
0.36057
0.36057
0.918143
0.0893938
0.278613
0.0560526
1.70277
0.354291
1.13473
1.13473
0.422669
0.162949
0.01
0.01
0.162949
1.39445
0.499659
0.190139
2.2472
1.26564
0.210478
0.210478
1.60674
1.81722
1.69562
0.447677
1.11825
0.142789
0.142789
0.975458
2.84227
0.345918
1.99794
1.48188
0.113571
0.113571
1.3683
0.515758
0.22187
0.0354004
0.0354004
0.18647
0.463878
0.685748
0.69882
1.38457
0.613065
0.000302346
2.3085
0.464411
1.08734
0.550155
0.550155
0.537188
3.6835