0.094498343765735626220703125000
0.356148242950439453125000000000
0.918694376945495605468750000000
0.450228393077850341796875000000
1.356883645057678222656250000000
0.402435541152954101562500000000
0.607609093189239501953125000000
0.190487429499626159667968750000
1.241416096687316894531250000000
0.444009155035018920898437500000
0.986807286739349365234375000000
0.051292955875396728515625000000
0.095056056976318359375000000000
0.885106861591339111328125000000
0.330032706260681152343750000000
0.323591411113739013671875000000
0.510425567626953125000000000000
0.510425567626953125000000000000
0.286968231201171875000000000000
0.286968231201171875000000000000
0.000000000000000000000000000000
0.000000000000000000000000000000
