0.020877288654446601867675781250
1.028466939926147460937500000000
0.564149677753448486328125000000
0.924797713756561279296875000000
1.083006024360656738281250000000
0.777027964591979980468750000000
0.685790777206420898437500000000
0.339776575565338134765625000000
0.305978089570999145507812500000
0.637945055961608886718750000000
0.076455920934677124023437500000
0.331966906785964965820312500000
0.331966906785964965820312500000
0.331966906785964965820312500000
0.285742133855819702148437500000
0.285742133855819702148437500000
0.077029079198837280273437500000
0.255511015653610229492187500000
0.178481936454772949218750000000
0.178481936454772949218750000000
