0.071488514542579650878906250000
0.617376804351806640625000000000
0.105996280908584594726562500000
0.244472175836563110351562500000
0.052499074488878250122070312500
1.472733378410339355468750000000
0.428758233785629272460937500000
0.517248213291168212890625000000
1.171293377876281738281250000000
0.781324625015258789062500000000
0.471443384885787963867187500000
0.471443384885787963867187500000
0.349781870841979980468750000000
0.349781870841979980468750000000
0.000000000000000000000000000000
0.000000000000000000000000000000
