0.222137644886970520019531250000
0.749815523624420166015625000000
0.229902982711791992187500000000
0.948541522026062011718750000000
0.295070558786392211914062500000
0.342073053121566772460937500000
0.331018328666687011718750000000
0.007899968884885311126708984375
0.347190141677856445312500000000
0.265769004821777343750000000000
0.081421121954917907714843750000
0.081421121954917907714843750000
0.000000119209289550781250000000
0.000000119209289550781250000000
0.000000119209289550781250000000
0.000000119209289550781250000000
0.000000000000000000000000000000
0.000000119209289550781250000000
0.000000119209289550781250000000
0.000000119209289550781250000000
