1.491052269935607910156250000000
0.462843179702758789062500000000
0.022635117173194885253906250000
1.218386769294738769531250000000
0.466443032026290893554687500000
0.580918073654174804687500000000
0.668163955211639404296875000000
0.568817436695098876953125000000
0.131424367427825927734375000000
0.410533726215362548828125000000
0.105767667293548583984375000000
0.280672013759613037109375000000
0.318770200014114379882812500000
0.318770200014114379882812500000
0.242397934198379516601562500000
0.242393940687179565429687500000
0.000003993511199951171875000000
0.000003993511199951171875000000
