0.0614438
0.0614438
1.05817
0.827457
0.827457
0.292154
0.093143
0.356255
0.356255
0.470482
0.312226
0.312226
0.121718
0.433944
0.392793
0.386017
0.0502269
1.26298
0.192932
1.45591
1.12198
0.1666
0.1666
0.42405
0.59065
1.65961
0.154903
0.154903
0.928136
1.08304
1.16722
0.327631
2.49916
0.846468
0.846468
0.453506
1.29997
2.6163
3.91627
1.16078
1.48946
1.16995
0.360861
0.360861
0.137689
0.49855
0.671405
1.34185
0.273853
0.273853
2.23795
0.427825
2.2481
0.0319683
0.0319683
1.87488
1.90685
0.34125
0.373646
0.147337
0.147337
1.80262
1.94996
0.671781
0.317885
3.62689
0.297343
0.0206831
0.0206831
0.110193
0.0705057
0.0705057
0.06037
1.77572
1.90659
0.0822727
0.01
0.01
1.8336
1.8336
0.155262
1.26564
1.50279
1.50279
1.75172
3.60935