3.82502
0.544587
0.143029
0.143029
0.401559
0.878582
0.251979
0.251979
0.822956
0.8168
0.757776
0.757776
0.059024
0.258136
0.348234
2.40185
3.33521
0.165173
0.165173
2.91333
0.293802
0.160741
0.00297224
0.00297224
0.157768
0.133062
2.7847
0.468992
0.191072
0.191072
0.0681868
0.135508
0.135508
0.12375
0.997891
1.25715
1.07864
2.33579
0.672535
0.997102
0.987747
0.987747
0.00935505
1.53892
0.0768395
0.0768395
2.25246
0.179844
0.179844
0.429666
0.60951
1.53483
2.14434
0.184956
0.206731
0.472295
0.539171
0.625948
0.914428
0.914428
1.04966
0.923267
0.923267
0.420374
1.34364
0.620444
1.53784
1.03314
0.12631
0.0476802
0.0476802
0.0786303
0.906828
0.191671
1.22481
0.346611
0.0639843
0.0639843
0.00677184
0.0707561
1.50066
0.173218
1.74464
1.75729
0.671514
0.994305
1.27879
0.583787
0.01
0.01
0.583787
0.683473
1.26726
0.0115349
3.88895
1.99248