57 1
51 2
50 3
50 4
51 50
56 51
52 5
52 6
55 52
54 7
53 8
53 9
54 53
55 54
56 55
57 56
97 57
58 10
58 11
62 58
61 12
60 13
59 14
59 15
60 59
61 60
62 61
77 62
63 16
63 17
65 63
64 18
64 19
65 64
66 65
66 20
67 66
67 21
76 67
69 22
68 23
68 24
69 68
75 69
70 25
70 26
74 70
71 27
71 28
72 71
72 29
73 72
73 30
74 73
75 74
76 75
77 76
91 77
78 31
78 32
81 78
79 33
79 34
80 79
80 35
81 80
90 81
84 36
83 37
82 38
82 39
83 82
84 83
85 84
85 40
88 85
86 41
86 42
87 86
87 43
88 87
89 88
89 44
90 89
91 90
96 91
95 45
93 46
92 47
92 48
93 92
94 93
94 49
95 94
96 95
97 96