0.312859
0.312859
1.54522
1.85807
1.06715
0.572428
0.572428
0.0137106
0.283374
0.283374
0.205425
0.323464
0.323464
0.165335
0.0973397
0.785836
0.305565
0.305565
1.06641
1.43509
0.298828
0.298828
0.815805
0.0119367
0.0119367
1.1027
1.43114
1.55815
0.881431
0.881431
0.676715
0.901232
0.0337316
0.0337316
1.02247
1.0562
0.636211
0.154141
0.01
0.01
0.154141
0.344987
0.388973
0.388973
0.110155
1.19328
0.514329
0.00481569
0.00481569
2.20193
0.252637
0.0863965
0.145879
0.693594
0.693594
0.0597098
0.0912212
0.0912212
0.662082
0.291493
0.369883
0.369883
0.674914
1.56715
2.61195
0.0797061
0.115413
0.118162
0.966085
0.542403
0.542403
1.59362
1.9032
0.426691
0.0852714
0.0852714
0.341419
0.0727065
0.370551
0.370551
0.128846
1.4038
0.232821
0.0392575
1.2848
1.2848
0.890484
0.488664
0.422873
0.422873
2.24107
1.22737