48 1
48 2
49 48
49 3
81 49
50 4
50 5
54 50
51 6
51 7
53 51
52 8
52 9
53 52
54 53
56 54
55 10
55 11
56 55
80 56
57 12
57 13
59 57
58 14
58 15
59 58
72 59
61 16
60 17
60 18
61 60
71 61
62 19
62 20
63 62
63 21
68 63
65 22
64 23
64 24
65 64
67 65
66 25
66 26
67 66
68 67
70 68
69 27
69 28
70 69
71 70
72 71
79 72
73 29
73 30
75 73
74 31
74 32
75 74
77 75
76 33
76 34
77 76
78 77
78 35
79 78
80 79
81 80
93 81
82 36
82 37
88 82
87 38
84 39
83 40
83 41
84 83
86 84
85 42
85 43
86 85
87 86
88 87
90 88
89 44
89 45
90 89
92 90
91 46
91 47
92 91
93 92