2.93496
1.96677
1.96677
0.968189
1.93523
0.541762
0.186075
0.186075
0.230489
0.416565
0.125197
0.533088
1.07485
0.229628
0.204066
0.204066
1.10041
0.580828
0.5426
0.5426
1.34271
1.70746
3.59276
0.0445845
0.281677
0.0389317
0.0389317
0.242746
3.34298
0.114192
0.114192
2.97021
1.86328
0.891025
0.222187
0.222187
0.668838
0.481473
1.3725
0.490783
1.22112
0.540262
0.0126859
1.23284
0.567231
2.63144
1.84143
0.0434632
0.0434632
0.625157
0.649555
0.649555
0.0190652
1.17281
0.790007
1.22609
3.44094
3.44094
0.416589
1.57989
0.730845
1.53193
0.01
0.01
1.53193
0.905673
2.4376
3.73067
0.770512
0.319789
0.13708
0.13708
0.182708
3.585
3.90479
1.32532
5.23011
1.70867