52 1
49 2
48 3
48 4
49 48
50 49
50 5
51 50
51 6
52 51
54 52
53 7
53 8
54 53
59 54
55 9
55 10
58 55
57 11
56 12
56 13
57 56
58 57
59 58
93 59
61 14
60 15
60 16
61 60
92 61
64 17
63 18
62 19
62 20
63 62
64 63
65 64
65 21
66 65
66 22
77 66
67 23
67 24
70 67
68 25
68 26
69 68
69 27
70 69
72 70
71 28
71 29
72 71
76 72
74 30
73 31
73 32
74 73
75 74
75 33
76 75
77 76
91 77
78 34
78 35
80 78
79 36
79 37
80 79
87 80
81 38
81 39
86 81
82 40
82 41
85 82
84 42
83 43
83 44
84 83
85 84
86 85
87 86
90 87
89 45
88 46
88 47
89 88
90 89
91 90
92 91
93 92