2.70158
0.39423
0.207225
0.207225
0.187006
0.0965468
0.490777
0.968984
1.45976
1.24182
2.1743
0.00392642
0.00392642
4.87195
1.91714
0.329028
0.329028
3.05638
1.18977
0.115548
0.115548
1.07422
2.19564
3.40761
0.0796256
3.59395
2.33612
2.33612
1.25783
3.22934
0.393683
0.340926
0.01
0.01
0.340926
0.0527576
0.628572
1.02226
1.09609
2.11835
2.61811
0.184266
0.184266
1.91345
0.0662792
0.0662792
0.0662415
0.132521
1.9652
0.73428
0.762201
0.762201
2.0698
0.768119
0.745146
0.289313
0.289313
0.455833
1.03776
1.78291
1.81721
1.13634
0.181863
0.0112832
0.0112832
0.659513
0.152456
0.152456
0.51834
2.47039
1.28888
1.28888
0.656097
0.45592
0.45592
0.827429
0.243906
0.0198184
0.0198184
0.224087
1.03944
0.661625
1.19621
0.595995
2.72279
0.958748
0.958748
1.76404
1.01439
1.18114
1.90497
0.0493568