0.184937834739685058593750000000
0.697719812393188476562500000000
1.815062284469604492187500000000
0.049050606787204742431640625000
0.957554340362548828125000000000
0.322174191474914550781250000000
0.348052054643630981445312500000
0.255250930786132812500000000000
0.724855303764343261718750000000
0.572767734527587890625000000000
0.076077193021774291992187500000
0.632054209709167480468750000000
0.344726026058197021484375000000
0.205910235643386840820312500000
0.138815775513648986816406250000
0.138815775513648986816406250000
0.000000000000000000000000000000
0.000000000000000000000000000000
0.000000000000000000000000000000
0.000000000000000000000000000000
0.000000000000000000000000000000
0.000000000000000000000000000000
0.000000000000000000000000000000
0.000000000000000000000000000000
