48 1
48 2
69 48
51 3
49 4
49 5
50 49
50 6
51 50
59 51
58 7
52 8
52 9
57 52
53 10
53 11
55 53
54 12
54 13
55 54
56 55
56 14
57 56
58 57
59 58
67 59
62 15
60 16
60 17
61 60
61 18
62 61
66 62
65 19
64 20
63 21
63 22
64 63
65 64
66 65
67 66
68 67
68 23
69 68
83 69
73 24
70 25
70 26
72 70
71 27
71 28
72 71
73 72
82 73
74 29
74 30
77 74
75 31
75 32
76 75
76 33
77 76
78 77
78 34
81 78
80 35
79 36
79 37
80 79
81 80
82 81
83 82
93 83
86 38
85 39
84 40
84 41
85 84
86 85
89 86
87 42
87 43
88 87
88 44
89 88
92 89
90 45
90 46
91 90
91 47
92 91
93 92