0.004023780114948749542236328125
0.071748726069927215576171875000
1.157090306282043457031250000000
0.503536343574523925781250000000
0.435811400413513183593750000000
1.089365363121032714843750000000
0.926316678524017333984375000000
0.035112373530864715576171875000
0.653553962707519531250000000000
0.494407594203948974609375000000
0.966845214366912841796875000000
1.457327485084533691406250000000
0.417064160108566284179687500000
0.506223976612091064453125000000
0.317224025726318359375000000000
0.838885903358459472656250000000
0.062573745846748352050781250000
0.246862679719924926757812500000
0.104955144226551055908203125000
0.838885903358459472656250000000
0.254650264978408813476562500000
0.254650264978408813476562500000
0.212268888950347900390625000000
0.212268888950347900390625000000
0.582843363285064697265625000000
0.027698872610926628112792968750
0.044461268931627273559570312500
0.044461268931627273559570312500
0.293705314397811889648437500000
0.564324319362640380859375000000
0.000775199383497238159179687500
0.411049008369445800781250000000
0.000775199383497238159179687500
0.521661877632141113281250000000
0.000775199383497238159179687500
0.123300716280937194824218750000
0.000775199383497238159179687500
0.418556511402130126953125000000
0.438833236694335937500000000000
0.038856111466884613037109375000
0.000775199383497238159179687500
0.097280964255332946777343750000
0.521661877632141113281250000000
0.521661877632141113281250000000
0.520886659622192382812500000000
0.423876613378524780273437500000
0.194807901978492736816406250000
0.520886659622192382812500000000
0.520886659622192382812500000000
0.520886659622192382812500000000
0.520886659622192382812500000000
0.205748394131660461425781250000
0.520886659622192382812500000000
0.520886659622192382812500000000
0.467888891696929931640625000000
0.111744970083236694335937500000
0.490482181310653686523437500000
0.093185946345329284667968750000
0.052726738154888153076171875000
0.398361116647720336914062500000
0.345634371042251586914062500000
0.345634371042251586914062500000
0.270618975162506103515625000000
0.270618975162506103515625000000
0.110612824559211730957031250000
0.110612824559211730957031250000
0.103105328977108001708984375000
0.103105328977108001708984375000
0.097010031342506408691406250000
0.097010031342506408691406250000
0.023919314146041870117187500000
0.023919314146041870117187500000
0.009179867804050445556640625000
0.009179867804050445556640625000
0.000000000000000000000000000000
0.000000000000000000000000000000
0.000000000000000000000000000000
0.000000000000000000000000000000
0.000000000000000000000000000000
0.000000000000000000000000000000
0.000000000000000000000000000000
0.000000000000000000000000000000
