0.187085717916488647460937500000
0.499947190284729003906250000000
0.212555706501007080078125000000
0.223852038383483886718750000000
0.523431599140167236328125000000
0.543622076511383056640625000000
1.025191545486450195312500000000
1.275259375572204589843750000000
1.065630674362182617187500000000
0.008094761520624160766601562500
0.780219495296478271484375000000
1.057535886764526367187500000000
1.045440316200256347656250000000
1.045439839363098144531250000000
0.000000476837158203125000000000
0.000000476837158203125000000000
