1.063779234886169433593750000000
1.110407710075378417968750000000
0.072938762605190277099609375000
0.014859089627861976623535156250
0.548303008079528808593750000000
0.138719528913497924804687500000
0.747143268585205078125000000000
0.260329246520996093750000000000
0.421969592571258544921875000000
0.640193104743957519531250000000
0.458825320005416870117187500000
0.005051216110587120056152343750
0.291821777820587158203125000000
0.242321625351905822753906250000
0.381890237331390380859375000000
0.381890237331390380859375000000
0.218223527073860168457031250000
0.360672593116760253906250000000
0.332390069961547851562500000000
0.332390069961547851562500000000
0.142449080944061279296875000000
0.142449080944061279296875000000
0.123080134391784667968750000000
0.142449080944061279296875000000
0.046819105744361877441406250000
0.142449080944061279296875000000
0.095625884830951690673828125000
0.095629967749118804931640625000
0.000004082918167114257812500000
0.000004082918167114257812500000
