50 1
46 2
45 3
45 4
46 45
49 46
48 5
47 6
47 7
48 47
49 48
50 49
52 50
51 8
51 9
52 51
66 52
54 10
53 11
53 12
54 53
65 54
55 13
55 14
59 55
56 15
56 16
58 56
57 17
57 18
58 57
59 58
62 59
60 19
60 20
61 60
61 21
62 61
64 62
63 22
63 23
64 63
65 64
66 65
87 66
78 24
67 25
67 26
68 67
68 27
72 68
69 28
69 29
71 69
70 30
70 31
71 70
72 71
77 72
76 32
73 33
73 34
75 73
74 35
74 36
75 74
76 75
77 76
78 77
86 78
79 37
79 38
85 79
80 39
80 40
84 80
81 41
81 42
83 81
82 43
82 44
83 82
84 83
85 84
86 85
87 86