0.828938603401184082031250000000
0.098576933145523071289062500000
1.407398700714111328125000000000
1.901420950889587402343750000000
1.171059370040893554687500000000
0.723092377185821533203125000000
0.185048967599868774414062500000
0.447966992855072021484375000000
0.160255536437034606933593750000
0.262917995452880859375000000000
0.000000000000000000000000000000
0.000002026557922363281250000000
0.000000000000000000000000000000
0.000002026557922363281250000000
0.000000000000000000000000000000
0.000002026557922363281250000000
0.000002026557922363281250000000
0.000002026557922363281250000000
0.000002026557922363281250000000
0.000002026557922363281250000000
0.000002026557922363281250000000
0.000002026557922363281250000000
0.000002026557922363281250000000
0.000002026557922363281250000000
