0.582941293716430664062500000000
0.799247622489929199218750000000
0.417266786098480224609375000000
0.000134116184199228882789611816
0.294495135545730590820312500000
0.108364336192607879638671875000
0.757268190383911132812500000000
0.236424669623374938964843750000
0.110892102122306823730468750000
0.153370305895805358886718750000
0.409951388835906982421875000000
0.036315713077783584594726562500
0.522490739822387695312500000000
0.522490739822387695312500000000
0.367473185062408447265625000000
0.516328215599060058593750000000
0.148854985833168029785156250000
0.030521769076585769653320312500
0.148854985833168029785156250000
0.148854985833168029785156250000
0.148854985833168029785156250000
0.148854985833168029785156250000
0.000000000000000000000000000000
0.000000029802322387695312500000
0.000000000000000000000000000000
0.000000029802322387695312500000
0.000000029802322387695312500000
0.000000029802322387695312500000
0.000000000000000000000000000000
0.000000029802322387695312500000
0.000000029802322387695312500000
0.000000029802322387695312500000
0.000000029802322387695312500000
0.000000029802322387695312500000
0.000000000000000000000000000000
0.000000029802322387695312500000
0.000000029802322387695312500000
0.000000029802322387695312500000
0.000000029802322387695312500000
0.000000029802322387695312500000
0.000000029802322387695312500000
0.000000029802322387695312500000
