1.67163
0.338973
0.338973
1.12811
0.275021
0.275021
1.19206
0.204548
0.185342
0.412417
0.412417
0.358787
0.771204
1.08577
1.25272
0.702461
0.129339
0.129339
0.573122
0.784649
1.15361
0.66282
0.36119
0.36119
0.30163
0.490792
0.328423
0.251876
0.251876
0.946279
0.984206
0.3313
0.265985
0.265985
0.0653154
0.652906
0.213949
0.28388
0.00507446
0.900509
2.38762
0.722077
1.52902
4.40591
1.53939
0.0427346
0.0427346
1.49665
0.457647
1.99703
0.263566
0.192258
0.01
0.01
0.192258
0.566911
0.759168
1.50143
2.14532
0.232807