0.01
0.01
0.12914
0.12914
1.1407
0.525031
0.525031
0.744814
3.12294
0.0758517
0.0758517
1.38003
0.0181776
0.0181776
1.4377
0.31902
1.7749
1.95402
0.0159423
0.0159423
1.24306
1.259
2.45081
0.0168463
0.0168463
0.0625753
0.0794216
2.29345
2.17349
0.950458
0.218042
0.218042
0.732417
1.22303
0.199386
0.298537
0.0462896
0.0462896
1.62125
1.16388
0.446569
0.0677406
0.0356062
0.0356062
0.0321344
0.378828
0.588768
0.286381
0.286381
0.748956
0.128545
0.503661
1.00387
1.03841
0.0191018
0.663864
5.04193
5.70904
5.70904
3.72567