0.224491
0.224491
0.793518
1.01801
0.11773
1.13574
6.68378
1.75403
1.75403
0.470432
1.8286
0.57186
0.57186
0.712357
0.398048
0.398048
0.886168
0.544388
0.395858
0.185137
2.01144
2.01144
0.398159
5.40992
4.58003
0.575615
0.575615
4.26513
3.16892
0.0308042
0.01
0.01
0.0308042
3.13811
1.67183
7.55881
3.31658
2.29461
2.29461
1.05332
0.816121
0.816121
2.53181
0.286656
2.42761
2.42761
1.20698
3.83657
4.86917
4.86917
2.60199
2.6494
2.22324
0.181311
0.181311
0.524626
0.0767409
0.0767409
0.629196
0.327894
0.110867
0.110867
0.922965
0.2513
0.172351
0.172351
1.11278
0.938106
1.23889
0.963458
0.963458
2.13061
1.13461
1.13461
1.95946
0.368061
2.26772
1.39909
1.39909
2.14803
0.0190825
0.0190825
0.205737
0.22482
2.11678
2.3416
1.20552
2.18272
4.39072
5.59557