1.555752992630004882812500000000
0.610673725605010986328125000000
1.299032568931579589843750000000
1.332733154296875000000000000000
0.444246530532836914062500000000
0.140361875295639038085937500000
0.090293258428573608398437500000
0.090293258428573608398437500000
0.056592687964439392089843750000
0.056592687964439392089843750000
0.000000000000000000000000000000
0.000000476837158203125000000000
0.000000000000000000000000000000
0.000000476837158203125000000000
0.000000000000000000000000000000
0.000000476837158203125000000000
0.000000000000000000000000000000
0.000000476837158203125000000000
0.000000000000000000000000000000
0.000000476837158203125000000000
0.000000000000000000000000000000
0.000000476837158203125000000000
0.000000000000000000000000000000
0.000000476837158203125000000000
0.000000000000000000000000000000
0.000000476837158203125000000000
0.000000000000000000000000000000
0.000000476837158203125000000000
0.000000476837158203125000000000
0.000000476837158203125000000000
0.000000476837158203125000000000
0.000000476837158203125000000000
0.000000476837158203125000000000
0.000000476837158203125000000000
0.000000476837158203125000000000
0.000000476837158203125000000000
0.000000476837158203125000000000
0.000000476837158203125000000000
