1.138560295104980468750000000000
0.183622568845748901367187500000
1.057957649230957031250000000000
1.723033666610717773437500000000
0.017013173550367355346679687500
0.303387314081192016601562500000
0.774206101894378662109375000000
0.019657794386148452758789062500
0.426677137613296508789062500000
0.287198513746261596679687500000
0.028450883924961090087890625000
0.558052420616149902343750000000
0.085929334163665771484375000000
0.529601514339447021484375000000
0.037332963198423385620117187500
0.471221208572387695312500000000
0.443672239780426025390625000000
0.443672239780426025390625000000
