0.088103
0.088103
0.303444
0.391547
5.88331
2.81767
1.32358
0.057674
0.057674
1.2659
1.49409
2.56356
5.38123
0.893626
3.30275
2.2323
2.2323
7.3453
3.8063
0.0620831
0.000760732
0.000760732
0.0613223
0.0478595
0.109943
0.344216
0.454158
0.874743
1.3289
1.68519
3.01409
5.34299
6.40862
6.40862
1.94846
2.424
3.25971
0.495589
0.495589
0.763475
1.25906
0.312549
1.2198
1.2198
0.351815
1.6881
2.58243
0.01
0.01
0.279991
0.279991
1.40078
0.371442
0.371442
0.275282
0.646724
1.03405
2.94569
0.436311
0.436311
1.44876
0.526002
0.0431808
0.0431808
0.482821
0.756341
0.211254
0.211254
0.739378
0.950632
0.33171
0.602728
0.642281
2.52735
1.84834
4.3757
0.250768
1.21568
4.93895
2.60282