0.444184631109237670898437500000
0.865880131721496582031250000000
0.575026333332061767578125000000
0.064865611493587493896484375000
0.527438282966613769531250000000
0.643653988838195800781250000000
0.490323156118392944335937500000
0.490323156118392944335937500000
0.054584570229053497314453125000
0.270308345556259155273437500000
0.552096962928771972656250000000
0.322105824947357177734375000000
0.411714136600494384765625000000
0.386612117290496826171875000000
0.416076987981796264648437500000
0.490464001893997192382812500000
0.416076987981796264648437500000
0.014622769318521022796630859375
0.475841253995895385742187500000
0.475841253995895385742187500000
0.040434043854475021362304687500
0.336373269557952880859375000000
0.020728528499603271484375000000
0.295939266681671142578125000000
0.009178034961223602294921875000
0.074388891458511352539062500000
0.015318099409341812133789062500
0.074388891458511352539062500000
0.059070792049169540405273437500
0.006851442158222198486328125000
0.052219349890947341918945312500
0.052219349890947341918945312500
0.000001877546310424804687500000
0.000001877546310424804687500000
0.000001877546310424804687500000
0.000001877546310424804687500000
0.000001877546310424804687500000
0.000001877546310424804687500000
