0.008162081241607666015625000000
0.246151089668273925781250000000
0.237989008426666259765625000000
0.813797116279602050781250000000
0.384067207574844360351562500000
0.485411971807479858398437500000
0.054287347942590713500976562500
0.886192679405212402343750000000
0.961892843246459960937500000000
0.568863809108734130859375000000
0.060429375618696212768554687500
0.333206444978713989257812500000
1.208007454872131347656250000000
0.746763706207275390625000000000
0.126477986574172973632812500000
0.206339091062545776367187500000
0.079861097037792205810546875000
1.051562905311584472656250000000
0.971701800823211669921875000000
0.631458938121795654296875000000
0.332148402929306030273437500000
0.235131993889808654785156250000
0.935230493545532226562500000000
0.819864392280578613281250000000
0.206626996397972106933593750000
0.142869949340820312500000000000
0.071689434349536895751953125000
0.547729015350341796875000000000
0.014673311263322830200195312500
0.664880394935607910156250000000
0.050038643181324005126953125000
0.351845979690551757812500000000
0.156544998288154602050781250000
0.407888948917388916015625000000
0.008898958563804626464843750000
0.092476114630699157714843750000
0.242444932460784912109375000000
0.242444932460784912109375000000
0.242444932460784912109375000000
0.242444932460784912109375000000
0.005444549024105072021484375000
0.188840836286544799804687500000
0.119100391864776611328125000000
0.183396279811859130859375000000
