46 1
46 2
49 46
47 3
47 4
48 47
48 5
49 48
60 49
50 6
50 7
51 50
51 8
58 51
52 9
52 10
57 52
53 11
53 12
55 53
54 13
54 14
55 54
56 55
56 15
57 56
58 57
59 58
59 16
60 59
89 60
61 17
61 18
71 61
66 19
62 20
62 21
63 62
63 22
65 63
64 23
64 24
65 64
66 65
70 66
69 25
67 26
67 27
68 67
68 28
69 68
70 69
71 70
88 71
72 29
72 30
76 72
73 31
73 32
74 73
74 33
75 74
75 34
76 75
85 76
77 35
77 36
84 77
78 37
78 38
81 78
80 39
79 40
79 41
80 79
81 80
82 81
82 42
83 82
83 43
84 83
85 84
87 85
86 44
86 45
87 86
88 87
89 88