2.43405
1.14943
1.14943
0.862861
2.01229
0.421758
2.75643
0.0418567
0.0418567
4.31398
2.29957
0.321977
0.321977
1.69988
0.871645
0.344026
0.343666
0.343666
0.000359669
0.527619
0.22482
0.924058
0.0911283
0.0911283
0.83293
0.172407
0.925396
0.277714
2.05626
0.279937
1.46526
1.46526
3.17052
0.554715
3.28349
0.461412
0.0623849
0.0623849
0.399027
0.942535
0.202198
0.202198
1.20175
7.07003
0.0734268
2.41035
2.41035
2.80726
0.0178708
0.0178708
0.955183
0.973054
3.00655
1.83618
1.4293
0.921856
0.426556
0.01
0.01
0.258775
0.070681
0.070681
0.188094
0.16778
0.4953
0.507442
0.406887
2.14342
1.23801
3.32979