0.525388300418853759765625000000
0.156119793653488159179687500000
0.054540283977985382080078125000
0.054540283977985382080078125000
0.280458509922027587890625000000
0.237291499972343444824218750000
0.301754653453826904296875000000
0.714786529541015625000000000000
0.352145642042160034179687500000
1.552048325538635253906250000000
0.127798885107040405273437500000
0.935760021209716796875000000000
0.400818258523941040039062500000
0.689920604228973388671875000000
1.082420825958251953125000000000
1.121582865715026855468750000000
0.117481946945190429687500000000
0.117481946945190429687500000000
0.078319802880287170410156250000
0.078319936990737915039062500000
0.000000134110450744628906250000
0.000000134110450744628906250000
0.000000134110450744628906250000
0.000000134110450744628906250000
