0.016098119318485260009765625000
1.802068233489990234375000000000
0.122154265642166137695312500000
0.410820782184600830078125000000
0.024486161768436431884765625000
0.101615071296691894531250000000
0.784871578216552734375000000000
0.258978158235549926757812500000
0.453441202640533447265625000000
1.201439142227172851562500000000
1.019589900970458984375000000000
0.746896982192993164062500000000
0.272692978382110595703125000000
0.272692978382110595703125000000
0.073395058512687683105468750000
0.266847580671310424804687500000
0.270026922225952148437500000000
0.270026922225952148437500000000
0.270026922225952148437500000000
0.270026922225952148437500000000
0.270026922225952148437500000000
0.270026922225952148437500000000
0.196631848812103271484375000000
0.098492078483104705810546875000
0.098139777779579162597656250000
0.098139777779579162597656250000
0.000000000000000000000000000000
0.000000000000000000000000000000
0.000000000000000000000000000000
0.000000000000000000000000000000
0.000000000000000000000000000000
0.000000000000000000000000000000
0.000000000000000000000000000000
0.000000000000000000000000000000
0.000000000000000000000000000000
0.000000000000000000000000000000
0.000000000000000000000000000000
0.000000000000000000000000000000
