1.159717321395874023437500000000
0.203565776348114013671875000000
1.436068654060363769531250000000
0.472488999366760253906250000000
1.263822197914123535156250000000
0.706974387168884277343750000000
0.787866413593292236328125000000
0.581165909767150878906250000000
0.010328820906579494476318359375
0.616970837116241455078125000000
0.348960608243942260742187500000
0.251381814479827880859375000000
0.060122963041067123413085937500
0.060122963041067123413085937500
0.052416324615478515625000000000
0.052416324615478515625000000000
0.000000000000000000000000000000
0.000000000000000000000000000000
