0.025279698893427848815917968750
0.148377493023872375488281250000
0.980374991893768310546875000000
0.368841171264648437500000000000
1.149574637413024902343750000000
0.616461932659149169921875000000
1.110920786857604980468750000000
0.443749159574508666992187500000
0.493086487054824829101562500000
0.047581784427165985107421875000
0.994345188140869140625000000000
0.612955689430236816406250000000
0.067868068814277648925781250000
0.678442239761352539062500000000
0.164111018180847167968750000000
0.420637845993041992187500000000
0.470068842172622680664062500000
0.470068842172622680664062500000
0.381389558315277099609375000000
0.109929308295249938964843750000
0.062322698533535003662109375000
0.141213625669479370117187500000
0.213541969656944274902343750000
0.213541969656944274902343750000
0.130246639251708984375000000000
0.130246639251708984375000000000
0.023605674505233764648437500000
0.023605674505233764648437500000
0.000000000000000000000000000000
0.000000000000000000000000000000
