1.07895
1.07895
0.829698
0.63086
0.63086
1.27778
11.9476
0.246451
0.246451
0.0106893
0.25714
1.36728
0.0421578
0.016058
0.016058
0.0238993
0.0399573
0.00220053
1.58226
1.98341
0.992206
0.992206
2.61563
0.589892
4.19772
4.85248
0.124948
0.124948
0.268337
0.393285
0.564818
0.265736
0.265736
0.692366
0.99472
1.95282
0.41375
0.0266927
0.0266927
0.0373489
0.0640416
2.30253
5.15255
0.01
0.01
1.16501
0.0544745
0.0544745
0.117999
0.0721899
0.0721899
0.100284
0.99254
3.50791
2.32961
0.422632
0.422632
1.90698
2.34331
1.51508
3.08936
0.447908
0.447908
0.0175479
0.465456
0.676512
0.301754
0.22439
0.22439
0.0618605
0.286251
0.0155036
0.233635
0.535389
0.606579
0.889446
0.456992
0.0451795
0.0451795
0.411813
0.0450766
0.502069
0.453942
0.202696
0.202696
0.391849
0.594545
0.361466
1.0754
1.05795
3.09864
0.792493
3.90428
3.90428
3.07622
0.538628
1.53107
4.80606