1.06778
1.06778
1.04244
0.399586
0.399586
0.284607
0.684193
1.42603
3.35569
1.23284
0.186891
0.186891
1.04595
0.115054
0.317804
0.317804
1.03009
2.90744
1.0728
0.40478
0.0448587
0.0448587
0.359921
0.668024
0.561295
0.201571
0.0085796
0.0085796
0.192991
0.901778
0.0156845
0.0156845
1.08766
0.530751
2.62124
1.21058
3.20718
0.0755821
0.0755821
3.8802
2.47697
0.115981
0.115981
2.36099
1.4788
0.911207
4.48604
2.61946
0.01
0.01
1.73479
1.73479
0.795083
0.642203
0.642203
1.88767
0.0895829
1.86658
0.380945
3.80611
8.3807
0.714887
0.714887
16.3389