0.160606
0.160606
8.58577
0.18955
0.18955
4.37257
1.18614
0.742804
0.734494
0.734494
0.00830944
0.0867169
0.829521
0.356618
1.92187
0.331386
0.331386
2.77662
1.45411
4.18425
2.87139
9.4183
2.13051
2.13051
2.6097
0.01
0.01
4.74021
0.00559684
1.86207
0.27689
0.27689
1.58518
0.869438
1.24684
0.446742
0.017312
0.017312
0.289339
0.0586777
0.0586777
0.247973
0.140091
0.125625
0.572367
0.674475
0.0133404
0.063359
0.063359
1.19682
0.479213
1.7394
0.837721
0.187442
0.187442
2.38967
0.154394
2.01429
2.7464
2.10797
2.10797
1.68513
0.0918611
0.0918611
0.700122
0.791983
2.02308
0.443828
0.443828
0.988127
1.43195
1.38311
0.978033
3.69911
1.9261
2.19946