0.135904
0.0819758
0.0819758
0.0539287
0.796585
0.357676
0.357676
0.0473376
0.405014
0.527475
0.534888
0.850744
0.274991
0.274991
0.575752
0.616633
0.26917
0.471641
0.471641
1.26491
3.05597
4.31189
0.256357
0.00589869
0.00589869
0.250459
2.72618
0.452012
0.452012
1.80918
1.72784
0.743089
0.427837
0.427837
0.315252
0.984751
0.345859
1.02626
0.985999
0.303005
0.303005
0.682994
0.0402601
1.01291
0.0702253
0.01
0.01
0.0702253
0.0872269
0.157452
0.40392
0.561372
0.425094
0.592346
0.592346
0.39412
0.907356
1.89382
0.14535
0.0345271
0.187489
0.644241
1.50896
1.50896
1.39647
0.0771039
0.378996
0.563574
0.563574
0.489031
1.05261
0.735338
0.306049
0.306049
1.27627
1.58232
0.205625
1.57359
0.950358
0.442091
1.51397
1.51397
3.24001
0.0385349