5.00898
1.09199
1.09199
3.91699
5.2507
2.75729
2.75729
1.47943
0.595687
0.168384
0.168384
0.427304
1.05395
0.572054
0.0410928
0.0410928
0.530961
0.919059
0.955205
0.149942
0.149942
0.397604
0.241529
0.01
0.01
0.0498674
0.0498674
0.191662
0.306016
0.40766
0.535908
0.158526
0.600043
1.0281
0.694805
0.694805
0.333299
1.22158
1.98705
0.475884
0.00153534
0.00153534
2.42351
1.07934
0.728142
0.728142
0.351203
1.34571
2.28756
0.322454
1.03904
0.976224
0.0704171
0.0704171
0.905807
0.0628192
3.99602
5.22461