0.281934
0.107484
0.107484
0.17445
6.77439
2.27119
2.09672
0.109678
0.109678
0.808242
0.917921
1.1788
0.174467
2.12249
1.80413
0.097305
0.097305
0.240298
0.337603
1.46653
1.59699
2.66582
1.22274
0.224854
0.224854
0.997882
1.44308
0.735312
0.0317296
1.09345
1.09345
2.33941
0.36249
0.115419
0.115419
1.65994
1.77536
1.88121
2.43224
0.241394
0.241394
2.19085
1.22432
0.138782
0.598332
0.549831
0.68703
0.68703
0.784233
1.47126
0.361396
0.01
0.01
0.0958758
0.0958758
1.73678
2.79939
1.14277
1.14277
1.35451
0.561501
0.0179969
0.0179969
0.543504
1.20543
1.76693
0.730351
2.13476
0.203012
0.566446
0.566446
3.16588
0.264282
0.264282
0.820876
1.08516
0.976544
2.0617
1.67062
1.10273
0.108455
2.11282