0.260556
0.260556
0.124013
0.384569
3.38827
1.12062
1.12062
2.65222
0.210571
0.596134
0.596134
3.38728
6.44872
9.16739
0.372393
0.372393
0.148402
0.520795
2.94846
0.803268
0.261745
0.261745
0.541523
0.719657
1.29753
1.08349
1.08349
0.214041
0.225394
1.04436
0.269635
0.0597246
0.0597246
0.174528
0.234253
0.035382
0.898791
1.16843
0.635453
0.01
0.01
0.566087
0.566087
0.976857
0.369924
0.368778
0.154017
0.154017
0.0767138
0.230731
0.138047
0.001146
1.17302
0.260935
0.763411
0.0186889
0.419431
0.373695
0.373695
0.0132979
0.386993
0.0324383
1.56928
0.0747337
0.0747337
0.639125
0.713858
0.794508
0.821797
0.202771
0.202771
0.619026
0.686569
0.11568
1.62405
0.364665
0.383584
0.852977
0.852977
0.0966906
0.949668
1.42263
0.0940476
2.46634
0.119635
0.883273
0.0604223
0.975636
0.0352858
0.0352858
0.492
0.527286
0.448349
2.55404
5.63771
1.26475