0.302217245101928710937500000000
0.302217245101928710937500000000
0.525397121906280517578125000000
0.272284030914306640625000000000
0.881095409393310546875000000000
0.520920932292938232421875000000
0.925252079963684082031250000000
1.084496021270751953125000000000
0.342821568250656127929687500000
0.437036514282226562500000000000
0.049778159707784652709960937500
0.905199468135833740234375000000
0.855421304702758789062500000000
0.855421304702758789062500000000
0.341002672910690307617187500000
0.341002672910690307617187500000
0.267183423042297363281250000000
0.267186164855957031250000000000
0.267183423042297363281250000000
0.267186164855957031250000000000
0.156681761145591735839843750000
0.005393242463469505310058593750
0.060482710599899291992187500000
0.092838674783706665039062500000
0.201310187578201293945312500000
0.201310187578201293945312500000
0.168954223394393920898437500000
0.168954223394393920898437500000
0.000002741813659667968750000000
0.000002741813659667968750000000
0.000002741813659667968750000000
0.000002741813659667968750000000
