0.050212051719427108764648437500
0.971137583255767822265625000000
0.421380102634429931640625000000
0.142080157995223999023437500000
0.074335217475891113281250000000
0.120583534240722656250000000000
0.577029228210449218750000000000
0.156143993139266967773437500000
0.795984625816345214843750000000
0.346952170133590698242187500000
0.589649617671966552734375000000
0.947891533374786376953125000000
0.184386700391769409179687500000
1.149277687072753906250000000000
0.075075708329677581787109375000
0.049839388579130172729492187500
0.097470156848430633544921875000
0.623073160648345947265625000000
0.491096824407577514648437500000
0.147818952798843383789062500000
0.298575580120086669921875000000
0.295995801687240600585937500000
0.724983394145965576171875000000
0.983795404434204101562500000000
0.308603882789611816406250000000
0.259134739637374877929687500000
0.393196761608123779296875000000
0.881041049957275390625000000000
0.062246300280094146728515625000
0.147753000259399414062500000000
0.632004976272583007812500000000
0.127942413091659545898437500000
0.629336953163146972656250000000
0.137910440564155578613281250000
0.440093576908111572265625000000
0.629336953163146972656250000000
0.088746383786201477050781250000
0.038705598562955856323242187500
0.401258826255798339843750000000
0.543830096721649169921875000000
0.028182959184050559997558593750
0.144919633865356445312500000000
0.164374679327011108398437500000
0.073207966983318328857421875000
0.455357462167739868164062500000
0.504062354564666748046875000000
0.493789345026016235351562500000
0.257898479700088500976562500000
0.464557617902755737304687500000
0.372394412755966186523437500000
0.299645572900772094726562500000
0.429545730352401733398437500000
0.126910567283630371093750000000
0.220581099390983581542968750000
0.373390883207321166992187500000
0.373390883207321166992187500000
0.063741363584995269775390625000
0.158548817038536071777343750000
0.158548817038536071777343750000
0.158548817038536071777343750000
0.092163249850273132324218750000
0.046590760350227355957031250000
0.048704922199249267578125000000
0.048704922199249267578125000000
0.028648676350712776184082031250
0.028648676350712776184082031250
0.000002562999725341796875000000
0.000002562999725341796875000000
0.000002562999725341796875000000
0.000002562999725341796875000000
