0.01662
0.0066406
0.0066406
0.00997942
0.209853
0.0294315
0.0294315
0.197041
0.373731
0.600203
2.12341
0.677948
0.677948
2.04567
4.69707
0.0666296
0.0666296
2.09623
2.16286
0.753894
0.753069
0.753069
0.976207
1.72928
0.521482
0.0925495
0.0925495
2.15821
0.553797
1.45112
1.45112
1.35344
0.112199
0.0171649
0.721506
0.425487
0.425487
0.296019
1.39357
0.162975
0.162975
1.9521
0.818845
0.58707
3.52099
0.603681
0.654132
0.276463
0.01
0.01
0.276463
0.377669
0.316198
0.367621
0.367621
0.602709
2.15649
0.88967
0.88967
2.23715
0.997849
0.267243
0.696852
0.696852
0.0523822
0.556776
0.478079
0.478079
0.0786963
0.192458
3.42246
1.14986
1.14986
3.02183
0.220223
3.02877