0.290571
0.290571
2.06164
2.35221
0.822133
0.415738
0.415738
2.7586
1.59776
2.38441
1.90474
0.926969
0.475306
0.475306
0.451662
0.97777
0.479668
0.0376157
0.807075
0.807075
0.977084
1.51279
1.39974
1.39974
0.113042
0.0151339
1.1649
0.914562
0.914562
0.250333
0.363024
0.256239
0.637863
2.35008
7.59526
4.39287
0.144947
0.01
0.01
0.144947
0.617908
0.250318
0.250318
0.422817
0.330119
0.330119
0.343016
0.0897205
0.646487
1.40934
0.686934
1.5153
0.173824
0.173824
0.743933
0.245085
0.245085
0.31342
0.115901
0.115901
0.442604
0.359252
0.597547
0.580972
0.716815
0.0762186
0.0762186
2.73687
1.57978
2.7042
7.09708
3.18724
0.240379
0.240379
1.34517
0.372156
0.116011
0.116011
0.256145
1.2134
2.86737
0.0291291
0.0291291
0.180724
0.209853
0.125808
0.335661
0.219787
0.555448
1.38741
1.94286
2.51006
5.83139
2.08305