49 1
49 2
50 49
50 3
52 50
51 4
51 5
52 51
65 52
56 6
55 7
54 8
53 9
53 10
54 53
55 54
56 55
64 56
57 11
57 12
63 57
59 13
58 14
58 15
59 58
62 59
61 16
60 17
60 18
61 60
62 61
63 62
64 63
65 64
95 65
82 19
67 20
66 21
66 22
67 66
71 67
68 23
68 24
70 68
69 25
69 26
70 69
71 70
72 71
72 27
79 72
78 28
73 29
73 30
77 73
74 31
74 32
76 74
75 33
75 34
76 75
77 76
78 77
79 78
81 79
80 35
80 36
81 80
82 81
83 82
83 37
94 83
84 38
84 39
87 84
86 40
85 41
85 42
86 85
87 86
93 87
88 43
88 44
89 88
89 45
90 89
90 46
91 90
91 47
92 91
92 48
93 92
94 93
95 94