51 1
50 2
47 3
47 4
49 47
48 5
48 6
49 48
50 49
51 50
91 51
52 7
52 8
53 52
53 9
55 53
54 10
54 11
55 54
78 55
56 12
56 13
77 56
59 14
57 15
57 16
58 57
58 17
59 58
76 59
60 18
60 19
61 60
61 20
65 61
62 21
62 22
64 62
63 23
63 24
64 63
65 64
68 65
66 25
66 26
67 66
67 27
68 67
75 68
74 28
71 29
69 30
69 31
70 69
70 32
71 70
73 71
72 33
72 34
73 72
74 73
75 74
76 75
77 76
78 77
80 78
79 35
79 36
80 79
90 80
81 37
81 38
83 81
82 39
82 40
83 82
89 83
87 41
85 42
84 43
84 44
85 84
86 85
86 45
87 86
88 87
88 46
89 88
90 89
91 90