0.642424821853637695312500000000
0.188392370939254760742187500000
0.783574998378753662109375000000
0.622635006904602050781250000000
0.831732332706451416015625000000
0.242051929235458374023437500000
0.272348999977111816406250000000
0.462355375289916992187500000000
0.001696964725852012634277343750
0.589680373668670654296875000000
0.105486564338207244873046875000
0.031210139393806457519531250000
0.279104560613632202148437500000
0.021616928279399871826171875000
0.128562748432159423828125000000
0.147415995597839355468750000000
0.009010925889015197753906250000
0.209824204444885253906250000000
0.053375765681266784667968750000
0.200813263654708862304687500000
0.147437512874603271484375000000
0.147437512874603271484375000000
0.078135639429092407226562500000
0.078135639429092407226562500000
0.000000000000000000000000000000
0.000000000000000000000000000000
0.000000000000000000000000000000
0.000000000000000000000000000000
