0.296442627906799316406250000000
0.280463784933090209960937500000
0.841783046722412109375000000000
0.615297496318817138671875000000
0.529761075973510742187500000000
0.096818633377552032470703125000
0.026275077834725379943847656250
0.354564815759658813476562500000
1.173796176910400390625000000000
0.547246873378753662109375000000
0.039968777447938919067382812500
0.767672538757324218750000000000
0.877753019332885742187500000000
0.097000584006309509277343750000
0.385088950395584106445312500000
0.527097821235656738281250000000
0.253654658794403076171875000000
0.253654658794403076171875000000
