0.697373688220977783203125000000
0.061787251383066177368164062500
0.136873781681060791015625000000
0.209551870822906494140625000000
0.091382808983325958251953125000
0.097765401005744934082031250000
0.686865448951721191406250000000
0.082315400242805480957031250000
0.536414861679077148437500000000
0.806640148162841796875000000000
0.560686349868774414062500000000
0.560686349868774414062500000000
0.202090054750442504882812500000
0.202090054750442504882812500000
0.601040005683898925781250000000
0.741939961910247802734375000000
0.327046394348144531250000000000
0.741939961910247802734375000000
0.268630266189575195312500000000
0.467196375131607055664062500000
0.601040005683898925781250000000
0.741939961910247802734375000000
0.056686721742153167724609375000
0.741939961910247802734375000000
0.037649180740118026733398437500
0.175799101591110229492187500000
0.368554145097732543945312500000
0.368554145097732543945312500000
0.045270632952451705932617187500
0.274743616580963134765625000000
0.067625790834426879882812500000
0.116804599761962890625000000000
0.067625790834426879882812500000
0.082837626338005065917968750000
0.067625790834426879882812500000
0.140895992517471313476562500000
0.037192318588495254516601562500
0.140895992517471313476562500000
0.030433475971221923828125000000
0.030433475971221923828125000000
0.073274217545986175537109375000
0.073274217545986175537109375000
0.073274217545986175537109375000
0.073274217545986175537109375000
0.073274217545986175537109375000
0.073274217545986175537109375000
0.073274217545986175537109375000
0.073274217545986175537109375000
0.073274217545986175537109375000
0.073274217545986175537109375000
0.058058369904756546020507812500
0.058058369904756546020507812500
0.024091392755508422851562500000
0.024091392755508422851562500000
0.000004008412361145019531250000
0.000004008412361145019531250000
0.000004008412361145019531250000
0.000004008412361145019531250000
0.000004008412361145019531250000
0.000004008412361145019531250000
0.000004008412361145019531250000
0.000004008412361145019531250000
0.000004008412361145019531250000
0.000004008412361145019531250000
0.000004008412361145019531250000
0.000004008412361145019531250000
