6.25375
0.0922986
0.0922986
1.26827
1.36056
0.464315
0.264499
0.252785
0.00891191
0.00891191
0.216381
0.225293
0.0274919
0.0117139
0.735595
1.00009
0.149127
1.14922
0.675658
0.685784
0.788017
0.0131161
0.0131161
0.774901
0.7983
1.58632
0.924347
2.78372
0.0282873
0.0282873
0.429562
0.457849
0.268567
0.726416
0.88014
0.188341
0.188341
0.102735
0.158137
0.158137
0.132939
1.31548
1.31194
0.593773
0.01
0.01
0.593773
2.32472
1.12324
0.67683
0.67683
1.10984
1.78667
2.25506
0.0164177
0.21394
0.21394
3.84421
1.23623
0.959371
4.24006
0.139099
0.139099
0.0493973
0.188496
2.2916
0.372311
0.372311
2.10778
1.49642
1.47808
0.12003
0.0829073
0.0829073
0.0371228
1.35805
2.49843
6.5173