1.91603
0.968005
0.968005
0.948022
3.69841
2.03686
0.24515
0.24515
0.936693
1.18184
0.855018
2.94961
0.102207
0.102207
0.859086
0.0191084
0.0191084
0.228694
0.247803
0.713491
4.02518
0.62797
0.927744
4.74488
0.0768359
0.0768359
0.599237
0.676072
4.0688
1.7973
0.194311
1.91745
1.91745
0.345139
2.26259
0.138026
0.31347
0.31347
1.10069
0.0856888
0.0856888
0.0876467
0.01
0.01
0.173336
0.556483
0.249792
0.249792
0.480026
0.0371649
0.766983
0.634611
0.372211
0.372211
1.02938
0.0125621
0.986462
1.28538
2.50626
1.31227
1.31227
0.0749172
0.740292
0.597029
0.597029
0.143263
0.646895
1.11907
0.269482
1.00805
0.0226251
0.0226251
0.985427
0.190943
0.910017
0.910017
0.288979
1.57674
0.910254
3.0505