52 1
45 2
45 3
47 45
46 4
46 5
47 46
50 47
48 6
48 7
49 48
49 8
50 49
51 50
51 9
52 51
71 52
54 10
53 11
53 12
54 53
70 54
55 13
55 14
60 55
59 15
57 16
56 17
56 18
57 56
58 57
58 19
59 58
60 59
65 60
64 20
63 21
62 22
61 23
61 24
62 61
63 62
64 63
65 64
69 65
67 25
66 26
66 27
67 66
68 67
68 28
69 68
70 69
71 70
87 71
72 29
72 30
76 72
73 31
73 32
75 73
74 33
74 34
75 74
76 75
80 76
79 35
77 36
77 37
78 77
78 38
79 78
80 79
86 80
81 39
81 40
85 81
82 41
82 42
84 82
83 43
83 44
84 83
85 84
86 85
87 86