0.698230445384979248046875000000
0.653997838497161865234375000000
0.633963465690612792968750000000
0.762244999408721923828125000000
0.105974934995174407958984375000
0.412754744291305541992187500000
0.056119684129953384399414062500
0.502500593662261962890625000000
0.208504647016525268554687500000
0.565593123435974121093750000000
0.583757102489471435546875000000
0.098161749541759490966796875000
0.141727805137634277343750000000
0.574081718921661376953125000000
0.432353913784027099609375000000
0.097437560558319091796875000000
0.334916353225708007812500000000
0.334916353225708007812500000000
0.000000000000000000000000000000
0.000000000000000000000000000000
0.000000000000000000000000000000
0.000000000000000000000000000000
0.000000000000000000000000000000
0.000000000000000000000000000000
0.000000000000000000000000000000
0.000000000000000000000000000000
