2.15902
0.0500628
0.0500628
1.57169
1.4582
1.4582
0.163554
0.537267
0.867014
0.989875
0.989875
2.03616
1.01448
0.872554
0.872554
0.585783
1.45834
2.58218
1.07932
0.405417
0.273645
0.273645
0.131772
0.654538
0.0679427
0.0644657
0.0644657
0.003477
0.0304945
0.0984371
0.961518
0.889805
1.94976
1.31482
1.53685
0.267356
0.267356
1.0041
1.27145
0.205238
0.710345
0.710345
0.766348
0.0601572
0.78498
2.28345
0.01
0.01
2.28345
0.0383766
0.426625
0.850921
0.418746
0.418746
0.432174
1.89753
0.516127
0.537987
3.80257
1.31727