0.254141807556152343750000000000
0.194146320223808288574218750000
0.059995502233505249023437500000
0.059995502233505249023437500000
0.104270040988922119140625000000
0.517029225826263427734375000000
0.862018108367919921875000000000
0.532754659652709960937500000000
0.143474563956260681152343750000
0.305415272712707519531250000000
0.028246045112609863281250000000
1.078732967376708984375000000000
0.323030948638916015625000000000
0.196101590991020202636718750000
1.417240619659423828125000000000
0.403076440095901489257812500000
0.045017063617706298828125000000
0.293847799301147460937500000000
0.524387955665588378906250000000
0.060299620032310485839843750000
0.203144162893295288085937500000
0.085548214614391326904296875000
0.676974177360534667968750000000
0.032899811863899230957031250000
0.361955106258392333984375000000
0.981850206851959228515625000000
0.435413897037506103515625000000
0.211677730083465576171875000000
0.031530201435089111328125000000
0.293543756008148193359375000000
0.319557785987854003906250000000
0.689375936985015869140625000000
0.021587351337075233459472656250
0.619895160198211669921875000000
0.304302006959915161132812500000
0.095556989312171936035156250000
0.208745002746582031250000000000
0.392771899700164794921875000000
0.124822221696376800537109375000
0.427362352609634399414062500000
0.222902238368988037109375000000
0.091194055974483489990234375000
0.302540153264999389648437500000
0.002598060993477702140808105469
0.196694940328598022460937500000
0.196694940328598022460937500000
0.024915799498558044433593750000
0.200278267264366149902343750000
0.024915799498558044433593750000
0.258553206920623779296875000000
0.233637407422065734863281250000
0.233637407422065734863281250000
0.181917861104011535644531250000
0.193314209580421447753906250000
0.146905004978179931640625000000
0.146915912628173828125000000000
0.081929147243499755859375000000
0.081929147243499755859375000000
0.081929147243499755859375000000
0.081929147243499755859375000000
0.058274939656257629394531250000
0.058274939656257629394531250000
0.051719546318054199218750000000
0.051719546318054199218750000000
0.040323194116353988647460937500
0.040323194116353988647460937500
0.000010907649993896484375000000
0.000010907649993896484375000000
