1.971196174621582031250000000000
0.117755219340324401855468750000
0.353737592697143554687500000000
0.062566578388214111328125000000
1.790874361991882324218750000000
0.286607086658477783203125000000
0.817661523818969726562500000000
1.504267334938049316406250000000
0.706861495971679687500000000000
0.960700392723083496093750000000
0.150654137134552001953125000000
0.160353571176528930664062500000
0.028800010681152343750000000000
0.028803825378417968750000000000
0.028800010681152343750000000000
0.028803825378417968750000000000
0.028800010681152343750000000000
0.028803825378417968750000000000
0.000003814697265625000000000000
0.000003814697265625000000000000
0.000003814697265625000000000000
0.000003814697265625000000000000
0.000003814697265625000000000000
0.000003814697265625000000000000
