52 1
51 2
51 3
52 51
57 52
53 4
53 5
56 53
55 6
54 7
54 8
55 54
56 55
57 56
76 57
75 9
58 10
58 11
74 58
63 12
59 13
59 14
62 59
60 15
60 16
61 60
61 17
62 61
63 62
72 63
65 18
64 19
64 20
65 64
69 65
68 21
67 22
66 23
66 24
67 66
68 67
69 68
71 69
70 25
70 26
71 70
72 71
73 72
73 27
74 73
75 74
76 75
99 76
77 28
77 29
79 77
78 30
78 31
79 78
92 79
80 32
80 33
91 80
90 34
81 35
81 36
83 81
82 37
82 38
83 82
89 83
84 39
84 40
85 84
85 41
88 85
86 42
86 43
87 86
87 44
88 87
89 88
90 89
91 90
92 91
98 92
93 45
93 46
95 93
94 47
94 48
95 94
96 95
96 49
97 96
97 50
98 97
99 98