0.062744066119194030761718750000
0.550830662250518798828125000000
0.422820389270782470703125000000
1.793909072875976562500000000000
0.423875808715820312500000000000
0.123059324920177459716796875000
0.184793174266815185546875000000
1.010372400283813476562500000000
0.912371814250946044921875000000
0.358875542879104614257812500000
0.214323997497558593750000000000
0.321214020252227783203125000000
0.143342927098274230957031250000
0.143342927098274230957031250000
0.000003993511199951171875000000
0.000003993511199951171875000000
0.000003993511199951171875000000
0.000003993511199951171875000000
