0.228018
0.228018
1.38927
0.537583
0.537583
1.0797
3.02251
0.487038
0.487038
0.26785
0.0706799
0.0706799
0.684209
3.28549
0.506751
0.506751
0.0163432
0.523094
2.25506
0.296597
0.296597
0.906754
1.16197
0.01
0.01
0.447811
0.447811
0.714155
0.041385
0.590587
1.78219
0.438299
0.312935
0.312935
0.125364
1.3439
0.0117432
0.984215
0.84731
0.650696
0.283136
0.283136
0.36756
2.97477
0.414917
0.599417
0.769268
0.394483
0.394483
0.758798
1.15328
0.0846836
1.23797
0.0515574
0.792487
0.792487
0.497035
4.11954
0.0484856
0.7831
0.7831
0.397013
1.18011
1.63218
2.8123
2.64526