"symbiont","host"
"S2","H10"
"S2","H11"
"S5","H8"
"S7","H3"
"S8","H7"
"S10","H3"
"S11","H3"
"S11","H17"
"S12","H7"
"S13","H7"
"S14","H7"
"S16","H2"
"S17","H1"
"S18","H1"
