1.165427565574645996093750000000
0.273124486207962036132812500000
0.945564448833465576171875000000
0.594281136989593505859375000000
0.754160404205322265625000000000
1.132594347000122070312500000000
0.193802535533905029296875000000
0.828806698322296142578125000000
0.055024277418851852416992187500
0.781311094760894775390625000000
0.726286828517913818359375000000
0.726286828517913818359375000000
0.292545795440673828125000000000
0.307138025760650634765625000000
0.348224312067031860351562500000
0.211912065744400024414062500000
0.037668537348508834838867187500
0.028668822720646858215332031250
0.295963555574417114257812500000
0.001450196141377091407775878906
0.093817532062530517578125000000
0.294513374567031860351562500000
0.136312246322631835937500000000
0.136312246322631835937500000000
0.000000000000000000000000000000
0.000000000000000000000000000000
0.000000000000000000000000000000
0.000000000000000000000000000000
0.000000000000000000000000000000
0.000000000000000000000000000000
