49 1
49 2
64 49
50 3
50 4
52 50
51 5
51 6
52 51
59 52
58 7
55 8
54 9
53 10
53 11
54 53
55 54
57 55
56 12
56 13
57 56
58 57
59 58
63 59
60 14
60 15
62 60
61 16
61 17
62 61
63 62
64 63
95 64
65 18
65 19
68 65
67 20
66 21
66 22
67 66
68 67
72 68
70 23
69 24
69 25
70 69
71 70
71 26
72 71
74 72
73 27
73 28
74 73
94 74
75 29
75 30
76 75
76 31
86 76
77 32
77 33
79 77
78 34
78 35
79 78
85 79
80 36
80 37
81 80
81 38
82 81
82 39
84 82
83 40
83 41
84 83
85 84
86 85
87 86
87 42
93 87
89 43
88 44
88 45
89 88
90 89
90 46
92 90
91 47
91 48
92 91
93 92
94 93
95 94