0.615606
0.615606
2.56584
0.0417024
0.0417024
1.70743
1.53509
1.53509
0.214044
0.967749
2.5713
1.41903
1.23123
1.06559
1.06559
0.165642
0.187795
0.804504
0.700994
0.700994
1.52254
0.347769
0.145578
0.441143
0.360417
0.360417
1.04888
0.9042
0.9042
0.505102
1.74872
0.0234225
1.07805
0.01
0.01
1.52716
1.37406
0.246192
0.246192
1.12787
0.153101
0.598348
0.415646
0.165083
0.165083
0.250563
0.144178
0.559824
1.56568
0.578775
0.133846
0.133846
2.57044
1.12597
0.239885
0.239885
0.747058
0.986943
1.90305
0.251874
0.251874
0.580909
0.0972191
0.0972191
0.735564
1.62752
0.042287
0.042287
0.382803
0.42509
0.322337
0.747427
1.62944
0.974
0.974
1.40287
0.0834385
0.429688
0.17942
3.06941
0.467417
1.25168
0.347722
0.347722
0.903955
0.922021
2.1737
0.147948
0.50769
0.50769
1.81396
1.21518
0.293419
0.429247