1.362393021583557128906250000000
0.926332056522369384765625000000
0.704310238361358642578125000000
0.323348820209503173828125000000
0.162334084510803222656250000000
0.074522361159324645996093750000
0.424286842346191406250000000000
0.012844218872487545013427734375
0.338994264602661132812500000000
0.130416944622993469238281250000
0.223856642842292785644531250000
0.637597143650054931640625000000
0.532525837421417236328125000000
0.532525837421417236328125000000
0.383242785930633544921875000000
0.413740575313568115234375000000
0.251510024070739746093750000000
0.251510024070739746093750000000
0.030497789382934570312500000000
0.028735637664794921875000000000
0.001762151718139648437500000000
0.001772046089172363281250000000
0.000009894371032714843750000000
0.000009894371032714843750000000
0.000000000000000000000000000000
0.000009894371032714843750000000
0.000000000000000000000000000000
0.000009894371032714843750000000
0.000000000000000000000000000000
0.000009894371032714843750000000
0.000000000000000000000000000000
0.000009894371032714843750000000
0.000000000000000000000000000000
0.000009894371032714843750000000
0.000009894371032714843750000000
0.000009894371032714843750000000
0.000000000000000000000000000000
0.000009894371032714843750000000
0.000009894371032714843750000000
0.000009894371032714843750000000
0.000000000000000000000000000000
0.000009894371032714843750000000
0.000009894371032714843750000000
0.000009894371032714843750000000
0.000009894371032714843750000000
0.000009894371032714843750000000
0.000000000000000000000000000000
0.000009894371032714843750000000
0.000009894371032714843750000000
0.000009894371032714843750000000
