49 1
48 2
48 3
49 48
56 49
53 4
50 5
50 6
52 50
51 7
51 8
52 51
53 52
55 53
54 9
54 10
55 54
56 55
66 56
57 11
57 12
59 57
58 13
58 14
59 58
65 59
61 15
60 16
60 17
61 60
64 61
62 18
62 19
63 62
63 20
64 63
65 64
66 65
93 66
67 21
67 22
84 67
68 23
68 24
69 68
69 25
71 69
70 26
70 27
71 70
80 71
74 28
72 29
72 30
73 72
73 31
74 73
79 74
78 32
77 33
76 34
75 35
75 36
76 75
77 76
78 77
79 78
80 79
81 80
81 37
83 81
82 38
82 39
83 82
84 83
92 84
85 40
85 41
90 85
86 42
86 43
89 86
87 44
87 45
88 87
88 46
89 88
90 89
91 90
91 47
92 91
93 92