0.146222
0.146222
1.03349
1.17971
0.584282
1.76399
0.746693
0.0888103
0.0145195
0.0145195
0.0742909
2.42187
0.622185
0.286493
0.286493
1.30387
1.59036
1.54251
2.5199
0.297538
0.209121
0.209121
0.0884168
0.519981
0.302064
0.302064
0.515455
0.369159
1.18668
1.35343
0.420187
0.420187
2.11992
1.39698
0.0841499
0.0841499
0.0197442
0.103894
0.212625
0.316519
1.51362
1.774
0.01
0.01
0.0285375
0.0285375
1.74546
0.0561417
2.10695
0.678177
0.18551
0.18551
1.19884
0.882981
0.882981
0.501366
2.51245
0.57107
0.401405
0.401405
0.169665
0.0952922
0.334451
0.15198
0.15198
0.182471
0.331911
1.87094
0.0589003
0.0589003
1.39409
1.45299
1.0843
1.3595
0.718466
1.0375