46 1
46 2
63 46
47 3
47 4
56 47
52 5
50 6
48 7
48 8
49 48
49 9
50 49
51 50
51 10
52 51
54 52
53 11
53 12
54 53
55 54
55 13
56 55
62 56
57 14
57 15
61 57
58 16
58 17
59 58
59 18
60 59
60 19
61 60
62 61
63 62
65 63
64 20
64 21
65 64
80 65
66 22
66 23
77 66
68 24
67 25
67 26
68 67
76 68
75 27
70 28
69 29
69 30
70 69
74 70
71 31
71 32
73 71
72 33
72 34
73 72
74 73
75 74
76 75
77 76
79 77
78 35
78 36
79 78
80 79
89 80
83 37
81 38
81 39
82 81
82 40
83 82
84 83
84 41
88 84
85 42
85 43
87 85
86 44
86 45
87 86
88 87
89 88