6.99226
0.738227
0.440812
0.440812
0.297415
1.84267
0.609658
0.457215
0.237383
0.237383
0.219831
0.152444
0.26398
0.873638
1.27742
2.15106
0.42984
0.668927
0.121637
0.121637
1.85863
1.64731
0.355542
0.355542
1.29177
0.332956
0.128227
2.1085
1.14133
3.74243
3.72525
0.397534
0.397534
2.83006
3.22759
7.48991
7.17953
0.499255
0.499255
17.3978
15.1872
7.1573
2.40922
0.551079
0.01
0.01
0.433619
0.433619
0.11746
1.85814
1.30558
0.0337227
0.0337227
1.90448
1.9382
1.77659
1.73855
0.0111073
0.0111073
0.0805619
0.0916692
0.838371
0.930041
1.85206
0.833102
0.29325
0.29325
0.063978
0.357228
0.388285
0.124237
0.124237
0.621277
0.0875889
1.949
0.800365
1.974
1.974
1.07582
0.138379
0.138379
0.542509
0.680888
2.36893
0.278753
3.32857
0.253895
1.87088
1.70396
25.9269