61 1
48 2
47 3
47 4
48 47
54 48
51 5
50 6
49 7
49 8
50 49
51 50
52 51
52 9
53 52
53 10
54 53
60 54
55 11
55 12
58 55
57 13
56 14
56 15
57 56
58 57
59 58
59 16
60 59
61 60
64 61
62 17
62 18
63 62
63 19
64 63
66 64
65 20
65 21
66 65
91 66
90 22
70 23
69 24
67 25
67 26
68 67
68 27
69 68
70 69
73 70
71 28
71 29
72 71
72 30
73 72
89 73
74 31
74 32
75 74
75 33
76 75
76 34
82 76
81 35
77 36
77 37
78 77
78 38
80 78
79 39
79 40
80 79
81 80
82 81
88 82
83 41
83 42
86 83
84 43
84 44
85 84
85 45
86 85
87 86
87 46
88 87
89 88
90 89
91 90