1.730520367622375488281250000000
0.042339727282524108886718750000
1.957660198211669921875000000000
0.497944861650466918945312500000
0.350880444049835205078125000000
0.892811059951782226562500000000
0.305769592523574829101562500000
0.838320851325988769531250000000
0.331103503704071044921875000000
0.370049268007278442382812500000
0.270514041185379028320312500000
0.270514041185379028320312500000
0.243073850870132446289062500000
0.269479572772979736328125000000
0.000000000000000000000000000000
0.000000000000000000000000000000
