0.025355875492095947265625000000
0.025355875492095947265625000000
0.222566097974777221679687500000
0.129775643348693847656250000000
0.279600024223327636718750000000
0.462849020957946777343750000000
0.057033941149711608886718750000
0.937407016754150390625000000000
0.034900300204753875732421875000
0.252581000328063964843750000000
0.034900300204753875732421875000
0.252581000328063964843750000000
0.377773135900497436523437500000
0.416382968425750732421875000000
0.033620808273553848266601562500
1.250719785690307617187500000000
1.511795163154602050781250000000
0.369035661220550537109375000000
0.150737524032592773437500000000
0.436582863330841064453125000000
1.157979965209960937500000000000
0.053577590733766555786132812500
0.281517475843429565429687500000
0.529277324676513671875000000000
0.247759848833084106445312500000
0.247759848833084106445312500000
0.814671039581298828125000000000
0.062024958431720733642578125000
0.284005433320999145507812500000
0.678714454174041748046875000000
0.163951575756072998046875000000
0.613482236862182617187500000000
0.480922043323516845703125000000
0.303316354751586914062500000000
0.082005128264427185058593750000
0.609457790851593017578125000000
0.398916900157928466796875000000
0.398916900157928466796875000000
0.468640714883804321289062500000
0.449044138193130493164062500000
0.409423977136611938476562500000
0.409423977136611938476562500000
0.241986900568008422851562500000
0.007568796630948781967163085938
0.302597075700759887695312500000
0.302597075700759887695312500000
0.221401110291481018066406250000
0.284483224153518676757812500000
0.132560178637504577636718750000
0.132560178637504577636718750000
0.132560178637504577636718750000
0.132560178637504577636718750000
0.132560178637504577636718750000
0.132560178637504577636718750000
0.004024431109428405761718750000
0.004024431109428405761718750000
