0.806877
0.56168
0.56168
0.245196
0.402387
1.20926
0.198404
1.40767
1.32349
0.17347
0.17347
1.78897
0.439339
0.439339
1.37057
0.846265
0.823813
0.01
0.01
0.0803902
0.0582842
0.0582842
0.0221061
0.743423
0.0224515
0.963648
0.152532
0.768715
0.122364
0.577874
0.270336
0.270336
0.307538
0.0862712
0.511731
0.511731
0.152414
2.18938
3.31302
0.808088
0.808088
0.0567825
0.86487
0.0161389
0.881009
4.36096
1.12801
1.12801
2.416
1.67949
1.67949
1.86452
1.69796
0.924569
5.02215
0.543402
0.30732
0.30732
0.236083
3.75422
0.732234
0.716733
0.716733
0.0155013
1.31714
0.174842
0.174842
1.06905
1.24389
0.0379723
0.186293
0.186293
0.933136
1.11943
0.16243
0.500089
1.78195
0.267425
2.24267
4.29205
0.00557275
6.89108