1.04867
1.04867
1.69839
0.137246
0.137246
2.47289
0.01
0.01
1.01369
1.01369
1.59645
0.136921
4.66394
3.87101
3.0495
0.932831
0.392067
0.0457458
0.0457458
0.0251714
0.0186963
0.0186963
0.052221
0.32115
0.200167
0.51408
0.51408
0.0781546
0.340597
1.41187
1.15927
0.130597
0.130597
1.02867
1.18544
0.415442
1.51766
1.51766
1.24248
0.289353
0.483626
1.16497
1.16497
2.36816
0.22504
1.00782
1.00782
0.403404
1.41123
2.34694
0.112852
0.848962
1.8918
0.403526
0.403526
1.48828
2.82817
1.38956
6.10954
1.30146