1.118953943252563476562500000000
0.767614722251892089843750000000
0.084972262382507324218750000000
0.084972262382507324218750000000
0.042087934911251068115234375000
0.101868383586406707763671875000
0.008099443279206752777099609375
0.235405057668685913085937500000
0.085904553532600402832031250000
0.258267581462860107421875000000
0.420227885246276855468750000000
0.023391222581267356872558593750
0.028513759374618530273437500000
0.950071573257446289062500000000
0.442435204982757568359375000000
0.354336142539978027343750000000
0.061003524810075759887695312500
0.881046056747436523437500000000
0.095468491315841674804687500000
0.095472991466522216796875000000
0.000004500150680541992187500000
0.000004500150680541992187500000
