3.13169
0.901334
0.901334
2.03825
2.93958
0.192105
2.103
0.575008
0.575008
0.520396
0.379588
0.0152926
0.0152926
0.335832
0.351124
0.028464
0.715816
0.39213
1.48753
0.754748
2.02589
2.02589
0.216389
1.35622
0.173669
0.173669
0.0722609
0.24593
0.150956
0.221689
0.221689
0.175197
1.00366
0.0737288
0.0737288
0.0606816
0.13441
1.10425
1.23866
0.161879
0.505546
0.401501
0.401501
1.50459
1.69242
0.562396
2.45131
0.01
0.01
0.863212
0.0647722
0.0647722
0.79844
1.5881
1.37488
2.20585
1.74224
1.74224
0.463609
1.62034
0.334711
1.07378