0.134606853127479553222656250000
0.092975988984107971191406250000
0.841773152351379394531250000000
1.024527072906494140625000000000
0.098541699349880218505859375000
0.182753935456275939941406250000
0.051519479602575302124023437500
0.084212243556976318359375000000
0.032692760229110717773437500000
0.032692760229110717773437500000
0.449958860874176025390625000000
0.685822963714599609375000000000
0.655519962310791015625000000000
0.685822963714599609375000000000
0.655519962310791015625000000000
0.191421985626220703125000000000
0.579992890357971191406250000000
0.518727123737335205078125000000
0.655519962310791015625000000000
0.332605272531509399414062500000
0.061562057584524154663085937500
0.347587585449218750000000000000
0.353217661380767822265625000000
0.051052398979663848876953125000
0.167095810174942016601562500000
0.154078304767608642578125000000
0.075527101755142211914062500000
0.075527101755142211914062500000
0.134296983480453491210937500000
0.052122496068477630615234375000
0.124700270593166351318359375000
0.052122496068477630615234375000
0.068323701620101928710937500000
0.185346007347106933593750000000
0.134296983480453491210937500000
0.052122496068477630615234375000
0.134296983480453491210937500000
0.052122496068477630615234375000
0.013017512857913970947265625000
0.013017512857913970947265625000
0.111265957355499267578125000000
0.155043005943298339843750000000
0.155043005943298339843750000000
0.146249338984489440917968750000
0.155043005943298339843750000000
0.155043005943298339843750000000
0.155043005943298339843750000000
0.155043005943298339843750000000
0.155043005943298339843750000000
0.155043005943298339843750000000
0.155043005943298339843750000000
0.155043005943298339843750000000
0.133223503828048706054687500000
0.133223503828048706054687500000
0.133223503828048706054687500000
0.133223503828048706054687500000
0.070665188133716583251953125000
0.133223503828048706054687500000
0.133223503828048706054687500000
0.133223503828048706054687500000
0.065973281860351562500000000000
0.065973281860351562500000000000
0.062558315694332122802734375000
0.062558315694332122802734375000
0.051049012690782546997070312500
0.036309398710727691650390625000
0.051049012690782546997070312500
0.036309398710727691650390625000
0.051049012690782546997070312500
0.036309398710727691650390625000
0.051049012690782546997070312500
0.036309398710727691650390625000
0.051049012690782546997070312500
0.036309398710727691650390625000
0.043777044862508773803710937500
0.043777044862508773803710937500
0.014739610254764556884765625000
0.014739610254764556884765625000
0.014739610254764556884765625000
0.001534226699732244014739990234
0.014739610254764556884765625000
0.014739610254764556884765625000
0.014739610254764556884765625000
0.014739610254764556884765625000
0.014739610254764556884765625000
0.014739610254764556884765625000
0.013205383904278278350830078125
0.013205383904278278350830078125
0.008793662302196025848388671875
0.008793662302196025848388671875
0.000000000000000000000000000000
0.000000000000000000000000000000
0.000000000000000000000000000000
0.000000000000000000000000000000
0.000000000000000000000000000000
0.000000000000000000000000000000
0.000000000000000000000000000000
0.000000000000000000000000000000
