3.4292
0.021885
0.021885
0.274729
0.17063
0.163383
0.01
0.01
0.163383
0.00724733
0.125984
0.857526
1.15414
1.33931
0.104343
0.104343
1.25292
1.35726
1.13618
0.935747
6.40694
0.0540001
0.0540001
1.08417
0.347607
0.347607
0.576402
0.924009
0.178265
0.820729
0.820729
0.281545
0.0358997
1.78661
0.392778
0.308829
0.308829
0.083949
2.532
1.45868
4.38346
1.01106
5.00068
5.00068
0.393844
0.00900544
2.3808
1.29357
1.29357
1.08723
3.02272
0.781909
0.726384
0.193609
0.193609
0.0253388
0.218947
0.087958
0.306905
0.419479
4.73074
0.305412
0.14845
0.14845
0.156962
3.87544
0.337923
0.337923
3.84293
1.27627
0.728311
3.6507