0.5439
0.5439
0.0279015
0.377944
0.377944
0.193857
1.73605
1.66113
1.59056
0.236401
0.236401
1.35416
0.0705759
0.646722
0.350806
0.132062
0.132062
0.575574
0.707636
0.629053
1.33669
0.216584
0.137483
0.137483
0.855856
0.993339
0.559934
0.915649
1.31666
1.31666
1.15226
0.18974
0.0614097
0.01
0.01
1.19993
1.19993
0.522115
0.721793
0.721793
0.252436
0.0742602
0.0742602
0.899969
0.747812
0.99803
4.43721
2.77398
0.661559
0.396833
0.396833
0.264726
1.30456
0.509251
0.509251
0.0921929
0.175396
0.175396
0.426048
0.46571
1.06715
0.898963
0.807863
2.65908
0.881645
0.881645
0.157219
0.399153
0.309496
0.124837
0.124837
0.184658
0.0896567
0.076947
0.4761
0.377626
0.853726
0.185138
2.24441
0.14684
0.14684
0.652934
0.278571
0.278571
0.521203
1.07
1.26213
1.26213
0.601017
1.86315
0.00661993
1.41351
2.14978
1.72422