1.37723
1.37723
3.93264
1.87619
1.87619
3.43368
1.04211
1.04681
0.314451
0.314451
0.201899
0.208521
0.208521
0.307829
0.530464
0.73816
1.37208
1.37208
0.412895
0.708854
0.239646
0.239646
2.25418
0.227378
0.01
0.01
2.72121
1.32805
2.3477
2.3477
0.88332
1.57046
1.57046
1.66055
0.818236
2.30273
1.92791
1.36929
0.0327473
0.0327473
0.60638
0.639127
0.204004
0.0444364
0.0444364
0.798695
0.526155
0.789159
0.907283
0.907283
1.25116
1.35761
0.888836
0.888836
0.72118
1.0411
1.0411
0.568912
1.90604
3.09656
0.252013
0.252013
3.61703
0.938576
0.938576
2.93046
0.752662
4.6217
1.99092
1.66728