0.343026
0.166188
0.166188
0.0626165
0.228804
0.114222
6.82634
0.142237
0.142237
0.3658
0.270625
0.0954099
0.0954099
0.175216
0.237412
3.66376
0.599145
0.599145
2.14694
2.74609
0.0682984
1.50568
0.01
0.01
0.459798
0.459798
0.582586
1.04238
0.463292
1.30871
1.20155
0.198577
0.198577
0.812511
0.216658
0.216658
0.79443
1.02988
0.00569288
0.00569288
1.85935
1.86505
0.175917
0.0510461
0.280086
0.280086
1.81192
1.09746
1.60191
0.142007
0.142007
0.640442
0.782449
0.819462
0.254557
0.0712007
0.0712007
0.549683
0.620884
1.23558
1.333
0.826461
0.15587
2.99757
0.786953
1.51251
0.125036
0.125036
0.392042
0.321643
0.321643
0.195435
0.995429
0.389606
1.1382
0.332215
0.332215
0.098269
0.430484
0.707714
0.763915
0.267165
0.18581
0.18581
1.98347
5.78704