0.327376
0.327376
5.49024
0.0427192
0.0427192
0.00670364
0.0494228
1.02356
0.631197
0.631197
0.441783
0.108115
1.18109
0.967774
0.183327
0.183327
1.96554
1.45526
0.347409
0.347409
0.159467
0.506876
1.00206
0.792936
0.792936
0.332886
1.12582
0.383112
0.189635
1.69857
0.381607
1.4565
0.504125
0.504125
0.440894
0.689058
0.689058
0.255961
0.511485
0.245933
1.70244
0.377738
1.52396
1.17628
3.05622
2.69122
2.04712
0.453688
0.453688
1.59344
0.644097
0.364996
0.164984
3.00011
0.077207
0.077207
2.92291
0.22109
1.47585
0.72882
0.728787
0.728787
3.34287e-05
0.0338111
0.01
0.01
0.762631
0.124741
0.101553
0.101553
0.645982
0.159856
0.159856
0.587678
0.139837
0.0578156
0.0654718
0.0654718
0.879716
0.513329
1.45852
3.23854
0.0833597
1.0372