65 1
51 2
49 3
49 4
50 49
50 5
51 50
64 51
52 6
52 7
53 52
53 8
63 53
54 9
54 10
55 54
55 11
56 55
56 12
62 56
61 13
57 14
57 15
59 57
58 16
58 17
59 58
60 59
60 18
61 60
62 61
63 62
64 63
65 64
95 65
67 19
66 20
66 21
67 66
70 67
68 22
68 23
69 68
69 24
70 69
94 70
71 25
71 26
93 71
72 27
72 28
75 72
73 29
73 30
74 73
74 31
75 74
84 75
76 32
76 33
77 76
77 34
83 77
78 35
78 36
80 78
79 37
79 38
80 79
82 80
81 39
81 40
82 81
83 82
84 83
92 84
85 41
85 42
91 85
87 43
86 44
86 45
87 86
90 87
88 46
88 47
89 88
89 48
90 89
91 90
92 91
93 92
94 93
95 94