0.717221140861511230468750000000
0.294162422418594360351562500000
0.541514039039611816406250000000
0.100903175771236419677734375000
0.049918767064809799194335937500
0.112962439656257629394531250000
0.283055990934371948242187500000
0.325544953346252441406250000000
0.168950244784355163574218750000
0.355458289384841918945312500000
0.352490395307540893554687500000
0.441901564598083496093750000000
0.769178092479705810546875000000
0.724610149860382080078125000000
0.007821135222911834716796875000
0.741264879703521728515625000000
0.061630472540855407714843750000
0.165982320904731750488281250000
0.127957269549369812011718750000
0.378512918949127197265625000000
0.261030673980712890625000000000
0.278308510780334472656250000000
0.088136620819568634033203125000
0.547472655773162841796875000000
0.368372857570648193359375000000
0.353070437908172607421875000000
0.180176332592964172363281250000
0.286441862583160400390625000000
0.050110708922147750854492187500
0.273311555385589599609375000000
0.269164025783538818359375000000
0.266650050878524780273437500000
0.223192334175109863281250000000
0.223200798034667968750000000000
0.004638597369194030761718750000
0.106265544891357421875000000000
0.106265544891357421875000000000
0.106265544891357421875000000000
0.101626947522163391113281250000
0.101626947522163391113281250000
0.079722866415977478027343750000
0.079722866415977478027343750000
0.000008463859558105468750000000
0.000008463859558105468750000000
