0.0709738
0.0709738
0.439591
0.510564
1.82528
0.112494
0.01
0.01
0.112494
2.22335
0.210782
1.54906
1.54906
0.997562
0.708518
0.366189
0.0389308
0.0389308
0.327258
2.88896
0.519918
0.2829
0.2829
3.49216
1.19723
4.97229
2.01046
0.847675
0.847675
0.282365
0.307705
0.307705
0.822335
0.975233
1.36307
1.36307
0.742204
4.55069
2.95764
2.95764
1.88453
0.605489
0.605489
3.10865
3.71414
0.466548
0.200607
0.034372
0.034372
0.166235
0.890698
1.09131
1.83146
1.82384
1.82384
1.09892
0.0493458
0.980745
0.980745
0.666902
1.64765
0.287991
0.366587
0.366587
1.56905
0.721584
0.707517
0.61632
0.61632
0.0911968
1.94971
0.314885
1.20858
0.661486
1.81379
0.326786