1.4787
0.733117
0.733117
0.477657
0.157755
0.157755
1.05302
0.267921
7.9668
2.66411
0.0444848
0.0444848
2.61963
6.78139
0.0666166
3.11358
3.11358
0.409044
0.251791
0.251791
0.0959985
0.0647767
0.0647767
0.281307
0.346083
0.0017064
0.170635
0.518424
0.939485
0.480221
0.480221
0.977688
1.87132
2.15844
0.350512
0.350512
1.40014
1.05017
1.05017
0.552359
0.16385
0.16385
0.584203
0.445735
0.445735
0.302318
0.339722
1.08777
0.514752
0.148129
0.407779
1.17079
0.193395
3.46183
0.279664
0.261218
0.261218
0.018446
0.126194
0.405858
1.32236
0.130361
0.130361
0.799271
0.929631
0.32949
0.146251
0.146251
0.599755
0.105446
0.105446
0.64056
0.513115
0.0138749
1.273
0.43241
0.00768649
0.00768649
1.69772
0.0228071
1.33687
1.36829
1.36829
1.69679
1.87344
0.980317
0.01
0.01
0.980317
0.232762
1.21308
3.72544
2.04594
2.52766