52 1
49 2
49 3
51 49
50 4
50 5
51 50
52 51
55 52
54 6
53 7
53 8
54 53
55 54
95 55
56 9
56 10
74 56
57 11
57 12
60 57
58 13
58 14
59 58
59 15
60 59
61 60
61 16
63 61
62 17
62 18
63 62
73 63
72 19
64 20
64 21
71 64
65 22
65 23
70 65
66 24
66 25
68 66
67 26
67 27
68 67
69 68
69 28
70 69
71 70
72 71
73 72
74 73
94 74
76 29
75 30
75 31
76 75
77 76
77 32
87 77
78 33
78 34
79 78
79 35
83 79
80 36
80 37
82 80
81 38
81 39
82 81
83 82
84 83
84 40
86 84
85 41
85 42
86 85
87 86
89 87
88 43
88 44
89 88
93 89
91 45
90 46
90 47
91 90
92 91
92 48
93 92
94 93
95 94