0.664205
0.664205
0.56546
1.22967
23.3918
8.12808
3.07246
2.64522
0.558706
0.558706
0.487792
0.259147
0.259147
0.78735
0.055485
1.10198
1.08529
0.258322
0.0209266
0.0209266
0.179469
0.200396
0.0579263
1.06871
0.01
0.01
1.32704
0.860238
0.177679
0.588044
0.588044
0.40823
0.996274
1.36868
0.280272
0.427237
1.49828
0.411813
0.411813
0.2383
0.464474
0.0958996
0.0958996
0.25899
0.35489
0.109585
0.185639
3.92062
3.55734
10.4997
0.503551
0.503551
0.374451
0.878001
4.3311
0.494402
0.494402
4.7147
0.934882
0.407039
0.407039
5.73694
12.4838
5.9937