47 1
46 2
46 3
47 46
49 47
48 4
48 5
49 48
71 49
51 6
50 7
50 8
51 50
56 51
55 9
54 10
52 11
52 12
53 52
53 13
54 53
55 54
56 55
61 56
57 14
57 15
58 57
58 16
60 58
59 17
59 18
60 59
61 60
70 61
62 19
62 20
63 62
63 21
69 63
64 22
64 23
68 64
67 24
66 25
65 26
65 27
66 65
67 66
68 67
69 68
70 69
71 70
89 71
88 28
72 29
72 30
74 72
73 31
73 32
74 73
87 74
75 33
75 34
76 75
76 35
82 76
77 36
77 37
81 77
79 38
78 39
78 40
79 78
80 79
80 41
81 80
82 81
86 82
83 42
83 43
85 83
84 44
84 45
85 84
86 85
87 86
88 87
89 88