0.385809
0.385809
8.58127
1.55954
0.849414
0.849414
0.710127
1.74378
0.202016
0.202016
2.08591
0.961314
0.610833
0.610833
0.350481
0.7644
0.0406829
0.0406829
0.561063
0.601746
0.604275
1.1752
1.1752
0.0308165
0.519693
0.562214
1.01539
1.59745
1.25681
1.25681
0.506207
0.42411
0.42411
0.125246
0.549355
0.31715
0.866506
0.896515
1.6576
2.36415
0.193768
0.193768
2.17038
1.05647
1.48015
0.544016
0.524703
0.524703
0.652821
0.01
0.01
1.17752
4.26726
2.73045
3.85483
3.85483
3.47869
0.0692408
0.0524848
0.0524848
0.0167561
6.48459
6.55383
0.779696
0.841707
0.33753
0.93964
0.93964
7.57312
0.454316