2.68351
2.61716
0.878865
0.878865
1.73829
0.066346
1.40855
0.254848
0.01
0.01
0.254848
1.38051
1.63536
0.0972003
0.00900423
0.00900423
1.72356
1.32119
2.88904
2.59007
0.118458
0.118458
2.47161
0.298976
0.164713
1.0383
3.6734
0.163331
0.0978403
0.0978403
0.065491
1.44572
1.60905
0.399792
0.51945
0.51945
0.970395
1.398
1.398
0.0918428
0.519001
1.08071
0.561554
0.561554
2.528
4.6759
8.93486
1.74576
0.996809
0.996809
0.180487
0.849851
0.849851
0.327445
0.0940923
0.48054
0.48054
0.790848
0.474372
1.46769
0.107387
0.107387
3.10606
0.74685
0.195862
0.195862
0.308587
0.504449
2.52432
3.02877
0.931524
12.74