52 1
50 2
48 3
48 4
49 48
49 5
50 49
51 50
51 6
52 51
53 52
53 7
57 53
54 8
54 9
56 54
55 10
55 11
56 55
57 56
70 57
62 12
58 13
58 14
61 58
60 15
59 16
59 17
60 59
61 60
62 61
69 62
63 18
63 19
65 63
64 20
64 21
65 64
68 65
67 22
66 23
66 24
67 66
68 67
69 68
70 69
93 70
73 25
71 26
71 27
72 71
72 28
73 72
75 73
74 29
74 30
75 74
92 75
91 31
76 32
76 33
77 76
77 34
80 77
78 35
78 36
79 78
79 37
80 79
84 80
83 38
82 39
81 40
81 41
82 81
83 82
84 83
90 84
85 42
85 43
89 85
86 44
86 45
88 86
87 46
87 47
88 87
89 88
90 89
91 90
92 91
93 92