0.292083740234375000000000000000
0.078016974031925201416015625000
0.020456286147236824035644531250
0.144521221518516540527343750000
0.076213762164115905761718750000
0.404550373554229736328125000000
1.611246228218078613281250000000
1.611246228218078613281250000000
0.933145344257354736328125000000
0.026800846680998802185058593750
0.496970683336257934570312500000
1.536594152450561523437500000000
0.682526350021362304687500000000
1.082979202270507812500000000000
1.039623618125915527343750000000
0.262024641036987304687500000000
0.257346987724304199218750000000
0.600383341312408447265625000000
