2.09393
0.280862
0.175024
0.175024
0.105837
1.81307
0.503087
0.447684
0.447684
2.14933
1.60494
1.40014
0.0396712
0.0396712
0.184241
0.223913
1.17622
0.535055
0.942848
0.402209
0.384547
0.01
0.01
0.384547
0.017662
0.540639
0.150562
1.09341
0.841782
2.26676
2.36877
0.628163
0.628163
0.638688
1.13768
0.771097
0.771097
0.13301
0.904107
0.233573
0.129171
2.99234
1.28727
0.964904
0.964904
0.322365
0.252741
1.54001
1.36934
0.726176
0.726176
0.0367234
0.0104791
0.0104791
0.75242
2.14645
0.302928
2.03611
2.03611
1.17616
1.04691
0.249942
1.48125
0.131496
0.131496
1.34976
3.02788
2.0616