3.99666
3.99666
3.63537
0.430121
0.430121
3.1427
0.305408
0.161803
0.161803
0.143605
2.3245
0.899918
0.899918
1.07137
0.01
0.01
0.284906
0.105316
0.105316
0.17959
0.227215
0.51212
0.272461
0.784582
1.18671
0.658621
0.394795
0.655561
0.655561
2.36914
0.548123
4.05921
6.01311
0.73862
0.279401
0.279401
0.459218
0.476343
1.21496
1.86266
0.00881213
0.00881213
0.704727
0.248447
0.248447
0.465092
0.503042
0.570209
0.314061
0.314061
0.256147
0.646373
1.86105
0.783278
3.86091
3.05987
0.952081
0.513452
0.513452
0.438629
5.83321
0.35955
0.35955
1.04134
1.40089
5.3844
0.135483
6.72437