0.15487
0.15487
1.61375
0.133302
0.133302
0.287259
0.0378739
0.0378739
0.382687
1.01825
1.43881
0.329814
1.29263
3.06125
1.59391
1.2643
0.0596248
0.0596248
1.20468
0.936255
0.890638
0.53975
0.0960606
0.0960606
0.210706
0.306766
0.232984
0.350887
0.230532
0.27271
0.27271
0.439098
0.711808
0.409362
0.267465
1.38863
0.811925
0.0348638
2.23542
1.27105
0.372321
0.372321
0.925864
1.29819
0.673679
0.78884
0.0830386
0.0830386
0.51542
0.208819
0.208819
0.38964
0.170408
0.164784
0.164784
0.486422
0.651207
0.0289517
0.680158
0.068632
0.74879
0.0200763
0.0199735
0.931711
0.479782
0.479782
0.382904
0.386367
0.0241789
0.0241789
0.362188
0.476319
0.857865
0.251314
1.53461
1.1487
8.23194
3.58586
0.203073
0.01
0.01
0.203073
3.38279
0.151322
3.73718
5.02501
1.65047
1.65047
2.25487
3.90534
4.85685
4.12492