0.078927554190158843994140625000
0.078927554190158843994140625000
0.208917990326881408691406250000
0.687245011329650878906250000000
0.729513704776763916015625000000
0.002008937997743487358093261719
0.835937798023223876953125000000
0.269782006740570068359375000000
0.058997254818677902221679687500
0.320176273584365844726562500000
0.256344854831695556640625000000
0.478678494691848754882812500000
0.040117330849170684814453125000
0.876216471195220947265625000000
0.555783152580261230468750000000
0.876216471195220947265625000000
0.152819603681564331054687500000
0.586974501609802246093750000000
0.327356874942779541015625000000
0.686751365661621093750000000000
0.406570374965667724609375000000
0.398129463195800781250000000000
0.188309013843536376953125000000
0.377149403095245361328125000000
0.008440926671028137207031250000
0.044174954295158386230468750000
0.008440926671028137207031250000
0.320433378219604492187500000000
0.008440926671028137207031250000
0.320433378219604492187500000000
0.031819105148315429687500000000
0.311992436647415161132812500000
0.172867536544799804687500000000
0.311992436647415161132812500000
0.027720576152205467224121093750
0.311992436647415161132812500000
0.135312974452972412109375000000
0.311992436647415161132812500000
0.284407824277877807617187500000
0.284407824277877807617187500000
0.284271866083145141601562500000
0.284271866083145141601562500000
0.141048461198806762695312500000
0.048247262835502624511718750000
0.149347871541976928710937500000
0.097981125116348266601562500000
0.086848542094230651855468750000
0.139124900102615356445312500000
0.139117449522018432617187500000
0.139124900102615356445312500000
0.023171763867139816284179687500
0.052276350557804107666015625000
0.051366753876209259033203125000
0.051366753876209259033203125000
0.029104588553309440612792968750
0.029104588553309440612792968750
0.000007458031177520751953125000
0.000007458031177520751953125000
