0.017075968906283378601074218750
0.047010883688926696777343750000
0.856500625610351562500000000000
0.254833668470382690429687500000
0.441634744405746459960937500000
0.042479626834392547607421875000
0.444713503122329711914062500000
1.706971168518066406250000000000
0.081377618014812469482421875000
1.192393660545349121093750000000
0.456445038318634033203125000000
0.074378989636898040771484375000
0.848431944847106933593750000000
0.131508708000183105468750000000
1.126423478126525878906250000000
1.126423478126525878906250000000
0.617364048957824707031250000000
0.406964182853698730468750000000
0.535696804523468017578125000000
0.535696804523468017578125000000
0.210399866104125976562500000000
0.210399866104125976562500000000
