0.209569349884986877441406250000
1.068986892700195312500000000000
0.131209567189216613769531250000
0.226565241813659667968750000000
1.248523592948913574218750000000
0.310689687728881835937500000000
0.147074922919273376464843750000
0.978133559226989746093750000000
0.203899472951889038085937500000
0.402801811695098876953125000000
0.426319330930709838867187500000
0.075128644704818725585937500000
0.413063555955886840820312500000
0.173551976680755615234375000000
0.231978788971900939941406250000
1.059523463249206542968750000000
0.120739229023456573486328125000
0.103608265519142150878906250000
0.491031408309936523437500000000
0.334598511457443237304687500000
0.184137284755706787109375000000
0.398821294307708740234375000000
0.747608006000518798828125000000
0.645341694355010986328125000000
0.470795959234237670898437500000
0.931013226509094238281250000000
0.056844398379325866699218750000
0.922211945056915283203125000000
0.865367591381072998046875000000
0.865367591381072998046875000000
0.098350480198860168457031250000
0.585731804370880126953125000000
0.002223149640485644340515136719
0.002128459513187408447265625000
0.520828783512115478515625000000
0.297360241413116455078125000000
0.216019839048385620117187500000
0.410697460174560546875000000000
0.231503441929817199707031250000
0.072197422385215759277343750000
0.223468497395515441894531250000
0.223468497395515441894531250000
0.194677621126174926757812500000
0.194677621126174926757812500000
0.159306019544601440429687500000
0.159306019544601440429687500000
0.153367489576339721679687500000
0.108246900141239166259765625000
0.000000000000000000000000000000
0.000000000000000000000000000000
0.000000000000000000000000000000
0.000000000000000000000000000000
