1.25277
0.01
0.01
1.25277
1.44537
2.01298
2.01298
0.685158
2.4759
0.182139
0.182139
0.251862
0.434001
0.743975
1.06376
1.06376
0.114213
0.956819
0.332612
0.332612
1.80218
0.662374
2.22279
0.455901
0.455901
0.0861702
0.262305
0.262305
0.279766
0.685282
1.22735
0.256964
1.48432
0.738476
0.288061
0.133101
0.133101
0.987547
1.12065
0.439427
0.135972
0.135972
1.4241
0.95078
0.286314
2.37687
0.120968
0.236252
0.236252
1.12255
1.3588
2.15772
1.52541
1.00238
0.936158
0.936158
0.0662214
0.523027
0.674254
2.19966
1.31685
1.03043
1.41097
1.41097
1.02375
0.263556
0.263556
0.739369
1.00292
0.0814936
1.08442
1.35031
2.11222
0.748064