0.199122071266174316406250000000
1.339665889739990234375000000000
0.362583011388778686523437500000
0.101727962493896484375000000000
1.136646509170532226562500000000
0.859368979930877685546875000000
0.794583857059478759765625000000
0.046829305589199066162109375000
0.253013879060745239257812500000
0.000879674742463976144790649414
0.792071938514709472656250000000
0.051003228873014450073242187500
0.192965075373649597167968750000
0.344521969556808471679687500000
0.048469781875610351562500000000
0.030106227844953536987304687500
0.165306508541107177734375000000
0.132663965225219726562500000000
0.045197054743766784667968750000
0.045194074511528015136718750000
0.000002980232238769531250000000
0.000002980232238769531250000000
0.000002980232238769531250000000
0.000002980232238769531250000000
