2.90904
0.855241
0.297011
0.297011
0.55823
0.304294
0.0264008
0.0264008
0.06224
0.0886408
0.0340283
0.122669
0.251935
0.374604
0.784932
1.7495
2.40464
4.6493
0.493653
0.493653
2.19645
1.31926
1.07724
0.559661
0.559661
0.477034
0.01
0.01
1.0367
0.0405442
0.242024
1.37084
1.95919
0.101798
4.7511
0.562585
4.0341
1.69542
1.69542
0.468551
0.0118339
0.0118339
0.533753
0.545587
0.0261508
0.571738
1.59223
0.575212
1.98806
1.00287
0.874723
0.473778
0.473778
0.400945
0.128147
0.98519
0.751121
0.480044
3.21923
0.66685
1.46755
1.46755
1.24016
2.70771
0.113041
0.374607
0.374607
0.0906467
0.465254
2.35549
1.06533
5.46171
0.409396
0.726715
0.0739214
0.0739214
0.652794
0.903913
0.500055
0.500055
1.13057
0.221533
1.099
1.099
0.75316
7.90502