52 1
46 2
45 3
45 4
46 45
51 46
47 5
47 6
48 47
48 7
49 48
49 8
50 49
50 9
51 50
52 51
62 52
60 10
53 11
53 12
59 53
58 13
57 14
54 15
54 16
56 54
55 17
55 18
56 55
57 56
58 57
59 58
60 59
61 60
61 19
62 61
80 62
63 20
63 21
67 63
64 22
64 23
65 64
65 24
66 65
66 25
67 66
72 67
71 26
70 27
69 28
68 29
68 30
69 68
70 69
71 70
72 71
73 72
73 31
79 73
74 32
74 33
75 74
75 34
78 75
76 35
76 36
77 76
77 37
78 77
79 78
80 79
87 80
82 38
81 39
81 40
82 81
84 82
83 41
83 42
84 83
86 84
85 43
85 44
86 85
87 86