0.430559
0.108018
0.108018
0.322541
0.731415
0.710907
0.710907
0.451067
1.00659
1.50078
0.0924927
0.0924927
1.34389
0.28128
0.14072
0.14072
0.116767
0.257487
0.0237928
1.1551
0.0643993
0.667782
6.86632
0.923218
0.923218
1.80543
2.72865
6.30623
1.20497
1.39874
0.142279
0.142279
0.0634206
0.205699
1.19304
2.60856
0.734217
0.0192421
0.0192421
0.624539
0.643781
0.0904356
0.92921
0.01
0.01
1.66343
2.34387
2.80812
2.91261
0.737749
0.737749
0.369452
0.940812
0.575012
0.575012
0.365799
0.166389
0.67027
0.205905
0.205905
1.57157
1.13514
0.885116
0.313747
0.313747
0.0936197
0.0168645
0.0168645
0.0580242
0.0748887
0.332478
0.3193
0.726666
2.0055
2.73216
1.06556
3.01769
3.42443