0.549162983894348144531250000000
0.245556116104125976562500000000
0.260810405015945434570312500000
0.577271819114685058593750000000
0.179256543517112731933593750000
0.432686179876327514648437500000
0.633603453636169433593750000000
0.772657036781311035156250000000
0.793746471405029296875000000000
0.255198508501052856445312500000
0.762952208518981933593750000000
0.138140276074409484863281250000
0.198670446872711181640625000000
0.305493146181106567382812500000
0.311331450939178466796875000000
0.404514968395233154296875000000
0.344898104667663574218750000000
0.344898104667663574218750000000
0.238075405359268188476562500000
0.238075405359268188476562500000
0.224404364824295043945312500000
0.224404364824295043945312500000
0.000000000000000000000000000000
0.000000000000000000000000000000
0.000000000000000000000000000000
0.000000000000000000000000000000
