1.735007643699645996093750000000
0.057654298841953277587890625000
0.042754594236612319946289062500
0.353061079978942871093750000000
1.589284658432006835937500000000
0.378547996282577514648437500000
0.534491837024688720703125000000
0.831653833389282226562500000000
0.103100642561912536621093750000
0.229175001382827758789062500000
0.264992475509643554687500000000
0.264992475509643554687500000000
0.000000000000000000000000000000
0.000000000000000000000000000000
0.000000000000000000000000000000
0.000000000000000000000000000000
0.000000000000000000000000000000
0.000000000000000000000000000000
