8.14952
1.26954
0.501499
0.501499
0.768042
2.66312
2.96231
2.15301
0.672855
0.0117581
0.0117581
0.00436431
0.0161225
0.402065
0.418188
0.254667
0.517337
1.19019
0.962822
0.544799
0.264875
0.264875
0.241843
0.506718
1.88935
2.39607
0.301741
0.264498
0.970346
2.99598
6.92863
1.22089
1.48812
0.282888
0.282888
0.156099
0.438987
0.0368732
0.47586
8.39475
0.248931
0.248931
2.78147
3.03041
3.52039
2.86712
0.21011
0.138933
0.138933
0.0711768
0.148324
0.257592
0.257592
0.100843
0.939558
1.29799
0.57695
0.73392
0.73392
0.43834
1.17226
0.702682
0.649111
0.0793695
0.0793695
2.44468
0.235465
0.041469
0.01
0.01
0.041469
0.973503
0.38583
0.38583
0.629142
1.74455
0.107604
0.12421
0.257657
0.257657
0.990462
1.24812
1.74321
3.55947
2.31981
0.767038