0.590728878974914550781250000000
0.026704303920269012451171875000
0.173801064491271972656250000000
0.292143136262893676757812500000
0.241819173097610473632812500000
1.070577144622802734375000000000
0.999996840953826904296875000000
0.412033915519714355468750000000
0.119171448051929473876953125000
0.270554006099700927734375000000
0.420301020145416259765625000000
0.766866385936737060546875000000
0.117131143808364868164062500000
0.117131143808364868164062500000
0.107613027095794677734375000000
0.107613027095794677734375000000
