1.27972
1.27972
0.52405
1.07371
1.07371
0.730051
1.08257
2.88634
0.477435
0.7872
0.0239433
0.0239433
0.30838
0.158888
0.158888
0.173436
0.454877
0.619071
0.0777326
0.0777326
0.311055
0.140203
0.140203
0.192831
0.333033
0.0557538
1.01748
1.9575
1.00649
3.54925
0.01
0.01
3.54925
0.821014
2.95537
7.32563
0.500651
5.05209
1.72373
0.125954
0.125954
1.59778
1.43094
1.08127
1.08127
1.13214
2.21341
0.941271
1.35948
0.113708
0.113708
0.245749
0.359458
1.3394
0.127248
0.127248
1.57161
0.169663
0.56013
0.56013
0.015093
0.575223
1.29329
2.64564
0.53794
2.77419