8.76339
1.14269
1.14269
2.68099
1.80782
1.26339
1.26339
0.544432
2.01585
3.52067
0.049897
0.049897
0.120738
0.125735
0.125735
0.0449003
0.0256452
0.19628
0.494972
0.691252
3.09029
0.415448
0.415448
0.45239
0.867838
0.55297
0.40462
0.40462
1.01619
0.0310096
1.45182
0.296512
0.971863
0.630784
0.630784
0.341079
0.776466
2.03321
2.82874
0.211071
0.01
0.01
0.211071
4.20317
0.25142
0.25142
0.748008
0.999429
1.87829
2.13148
0.62509
0.62509
1.50639
0.746243
0.872968
3.75069
0.663558
1.32534
0.026532
0.026532
0.118725
0.145257
0.602596
0.498606
0.498606
0.249247
1.13423
1.88208
2.43364
0.695475
0.695475
3.62024
1.42386
0.870705
0.734059
0.80402
4.76066
1.6964
1.6964
3.06426
3.38771
0.615022