0.536167860031127929687500000000
0.474385023117065429687500000000
0.253971099853515625000000000000
0.302678704261779785156250000000
0.564857244491577148437500000000
0.032950755208730697631835937500
0.207172796130180358886718750000
0.372669011354446411132812500000
0.134948745369911193847656250000
0.236066117882728576660156250000
0.070569902658462524414062500000
0.045422624796628952026367187500
0.624379694461822509765625000000
0.139628753066062927246093750000
0.071476124227046966552734375000
0.383005678653717041015625000000
0.047819472849369049072265625000
0.378175795078277587890625000000
0.239396497607231140136718750000
0.352577626705169677734375000000
0.480817258358001708984375000000
0.480817258358001708984375000000
0.328920990228652954101562500000
0.434267967939376831054687500000
0.185360819101333618164062500000
0.450229167938232421875000000000
0.063350588083267211914062500000
0.099020913243293762207031250000
0.105346977710723876953125000000
0.428007900714874267578125000000
0.105346977710723876953125000000
0.329204976558685302734375000000
0.382048726081848144531250000000
0.382048726081848144531250000000
0.064240016043186187744140625000
0.346378445625305175781250000000
0.022359747439622879028320312500
0.322660923004150390625000000000
0.062720902264118194580078125000
0.322660923004150390625000000000
0.322656899690628051757812500000
0.209646821022033691406250000000
0.040361154824495315551757812500
0.138772189617156982421875000000
0.282138407230377197265625000000
0.176873967051506042480468750000
0.278528928756713867187500000000
0.278528928756713867187500000000
0.173892393708229064941406250000
0.278528928756713867187500000000
0.027577564120292663574218750000
0.145296782255172729492187500000
0.254676997661590576171875000000
0.142655625939369201660156250000
0.009020164608955383300781250000
0.259940028190612792968750000000
0.250915825366973876953125000000
0.250915825366973876953125000000
0.237290814518928527832031250000
0.237290814518928527832031250000
0.117284387350082397460937500000
0.117284387350082397460937500000
0.104636520147323608398437500000
0.001821511308662593364715576172
0.102815009653568267822265625000
0.102815009653568267822265625000
0.082300111651420593261718750000
0.098802894353866577148437500000
0.005263030529022216796875000000
0.005263030529022216796875000000
0.000004023313522338867187500000
0.000004023313522338867187500000
0.000004023313522338867187500000
0.000004023313522338867187500000
0.000004023313522338867187500000
0.000004023313522338867187500000
