47 1
47 2
48 47
48 3
50 48
49 4
49 5
50 49
57 50
51 6
51 7
54 51
53 8
52 9
52 10
53 52
54 53
56 54
55 11
55 12
56 55
57 56
91 57
66 13
58 14
58 15
61 58
59 16
59 17
60 59
60 18
61 60
65 61
63 19
62 20
62 21
63 62
64 63
64 22
65 64
66 65
72 66
67 23
67 24
68 67
68 25
69 68
69 26
70 69
70 27
71 70
71 28
72 71
83 72
73 29
73 30
74 73
74 31
75 74
75 32
76 75
76 33
77 76
77 34
82 77
81 35
80 36
78 37
78 38
79 78
79 39
80 79
81 80
82 81
83 82
90 83
85 40
84 41
84 42
85 84
88 85
86 43
86 44
87 86
87 45
88 87
89 88
89 46
90 89
91 90