0.442424476146697998046875000000
0.540375053882598876953125000000
0.171289086341857910156250000000
1.557575225830078125000000000000
0.713701784610748291015625000000
1.223435282707214355468750000000
0.297580182552337646484375000000
0.037728585302829742431640625000
0.629254519939422607421875000000
0.155955299735069274902343750000
0.092039063572883605957031250000
1.088706254959106445312500000000
0.312871783971786499023437500000
0.234345465898513793945312500000
0.745922982692718505859375000000
0.352253854274749755859375000000
0.390931546688079833984375000000
0.683795213699340820312500000000
0.000370476511307060718536376953
0.393669128417968750000000000000
0.393298685550689697265625000000
0.393298685550689697265625000000
0.292863667011260986328125000000
0.292863667011260986328125000000
0.236189544200897216796875000000
0.236189544200897216796875000000
0.000000000000000000000000000000
0.000000000000000000000000000000
0.000000000000000000000000000000
0.000000000000000000000000000000
