2.5996
0.151259
0.151259
0.372873
0.524131
0.356335
0.0448519
0.0448519
0.835614
0.710172
0.585245
0.585245
1.00539
1.00896
8.77811
0.947855
0.947855
2.1557
1.0375
1.0375
2.06606
1.81794
4.9215
6.16752
3.96555
1.86445
0.886776
0.886776
0.342001
0.66207
0.13271
0.13271
0.144729
0.277439
0.384631
0.325775
0.987845
0.00193781
0.989782
0.238994
0.63567
2.06513
3.92958
0.0359754
2.9114
1.53035
0.499739
0.350757
0.350757
0.148982
1.03061
5.05004
0.00146484
0.00146484
0.0106122
0.012077
1.61345
1.23383
0.0913511
0.01
0.01
0.0913511
0.146518
0.237869
0.99596
0.391696
4.93309
2.25631
0.299514
0.299514
1.95679
4.30231
0.0217735
0.296559
4.21208
0.288681
3.23567
14.6134