0.907182812690734863281250000000
0.092567145824432373046875000000
1.175604939460754394531250000000
1.907432913780212402343750000000
0.247051611542701721191406250000
0.494185209274291992187500000000
0.611968338489532470703125000000
0.731828033924102783203125000000
0.004091599956154823303222656250
0.082612670958042144775390625000
0.180671036243438720703125000000
0.368569731712341308593750000000
0.220491826534271240234375000000
0.035768192261457443237304687500
0.378101110458374023437500000000
0.378101110458374023437500000000
0.193377524614334106445312500000
0.193377524614334106445312500000
0.106210798025131225585937500000
0.119859673082828521728515625000
