51 1
51 2
61 51
52 3
52 4
53 52
53 5
54 53
54 6
55 54
55 7
56 55
56 8
57 56
57 9
60 57
58 10
58 11
59 58
59 12
60 59
61 60
77 61
63 13
62 14
62 15
63 62
64 63
64 16
76 64
65 17
65 18
71 65
70 19
66 20
66 21
69 66
68 22
67 23
67 24
68 67
69 68
70 69
71 70
75 71
74 25
73 26
72 27
72 28
73 72
74 73
75 74
76 75
77 76
99 77
78 29
78 30
81 78
79 31
79 32
80 79
80 33
81 80
84 81
82 34
82 35
83 82
83 36
84 83
86 84
85 37
85 38
86 85
92 86
87 39
87 40
91 87
90 41
88 42
88 43
89 88
89 44
90 89
91 90
92 91
93 92
93 45
95 93
94 46
94 47
95 94
98 95
97 48
96 49
96 50
97 96
98 97
99 98