0.458806
0.458806
0.424314
0.88312
5.58895
0.591833
0.591833
0.19863
0.790463
3.89749
0.864017
0.0862279
0.0862279
0.777789
0.334222
0.258551
0.01
0.01
0.0502538
0.0502538
0.208297
0.939687
0.883609
0.761046
0.761046
0.615884
0.514921
0.467893
0.467893
0.0470281
0.436968
0.147831
0.00959135
0.00959135
0.13824
0.804057
0.0509352
0.775379
0.775379
0.227444
0.374106
0.704918
1.59326
0.0347182
0.0347182
3.64039
0.221326
2.13231
0.922106
0.922106
0.615157
1.28687
0.827811
0.110842
0.110842
0.716968
0.459055
0.250398
0.595051
1.76412
0.79152
1.78412