1.23187
1.23187
0.114457
0.36524
0.36524
0.808619
0.324175
0.0799453
0.0799453
0.244229
0.849685
0.172467
8.52596
0.528077
0.142037
0.142037
0.38604
4.41597
0.791728
0.791728
3.62401
0.295292
0.295292
1.67396
0.150376
0.150376
1.51505
0.497381
0.497381
0.69118
1.15979
0.674038
0.01
0.01
0.674038
0.485756
0.0287665
0.476868
0.303825
1.73876
1.46491
0.855536
0.631265
0.631265
0.177149
0.112239
0.100498
0.100498
0.0117405
0.696176
0.0471208
0.587959
0.913358
0.913358
0.530137
0.0214106
0.062866
0.235924
0.235924
0.444099
0.680023
0.847748
0.0593814
0.128731
0.128731
0.0836956
0.212427
1.37473
0.401499
1.98865
1.71936
0.707729
0.528303
4.92824