1.74316
1.74316
0.19488
1.93804
1.47628
2.76857
1.12513
1.12513
1.64344
0.64575
3.2503
0.713484
0.500304
0.500304
0.21318
1.4777
0.273821
0.273821
0.397563
0.408008
0.408008
0.130295
0.0731917
0.0731917
0.465111
0.133081
0.719136
1.39052
0.800669
0.705841
2.89703
2.99451
0.602921
0.602921
1.14703
0.0613623
0.0613623
1.68859
0.681593
2.43155
1.77003
1.87992
1.81843
1.81843
0.061489
2.32166
0.502368
0.01
0.01
4.59133
1.11886
0.384479
0.384479
0.734384
1.03373
0.634977
0.634977
1.2025
1.83748
0.0222975
1.85977
0.292819
0.249933
0.0072262
0.0072262
2.3953
2.1888
0.112613
1.18759
0.773076