1.11195
1.11195
0.936866
0.493875
0.493875
1.40663
0.936171
0.107837
0.107837
0.828334
0.964332
0.0729691
1.97347
0.011765
0.366629
0.366629
0.0687258
0.144311
0.144311
0.291043
1.54988
0.0635822
0.248856
2.29767
0.0648162
1.43392
1.43392
0.928567
0.522834
0.256519
0.256519
0.264122
0.520641
0.467973
0.274194
0.274194
0.476364
0.750558
0.238057
0.582756
0.228641
0.228641
1.34273
1.31395
0.060496
2.10946
2.07996
2.07996
0.0295
0.836357
1.21838
2.97022
0.828623
0.828623
0.26305
1.09167
0.137742
0.0977709
0.0977709
0.507315
0.605086
0.624329
1.57766
1.71539
1.71539
1.09169
0.144971
0.207128
0.207128
0.434263
0.226587
0.215977
0.215977
0.0106107
0.414804
1.40786
2.04926
0.778225
0.01
0.01
0.601471
0.601471
1.87048
2.47195
0.145337
2.61729
0.21019
0.124568
0.018169
0.0954439
0.0746065
0.0746065
2.99105
1.09854