1.12417
1.12417
1.35693
0.0419768
0.0419768
2.43912
1.33878
1.2722
0.662576
0.662576
0.609625
0.0571031
1.3293
1.60553
1.66232
1.29833
1.29833
0.363992
1.27251
0.885045
0.55805
0.0668079
0.0668079
0.270247
0.337055
1.98587
0.479754
0.479754
0.0721273
0.551881
1.77104
1.86553
0.226665
0.135486
0.135486
0.091179
0.141695
0.36836
2.42796
0.01
0.01
2.4305
0.160097
0.160097
2.27041
0.365819
1.39213
0.0160923
1.21151
1.21151
0.840448
0.575668
0.0502279
0.0502279
0.52544
0.909788
0.894169
0.203513
0.203513
0.690656
0.591287
0.0574239
0.598154
0.201476
0.201476
0.396677
0.944725
0.509076
2.15259
0.173379