0.271445
0.233124
0.233124
0.0383207
1.97985
0.0527421
0.0527421
0.312605
0.365347
1.03806
1.06325
1.06325
0.340156
0.847884
0.138165
0.592022
0.592022
0.0823914
0.232304
0.155491
0.155491
0.076813
0.442109
0.929447
1.60386
0.0724568
0.334697
0.334697
1.34162
0.460861
2.13718
0.252281
0.947709
0.350475
0.350475
1.98541
0.01
0.01
2.33588
1.00128
5.09538
5.03382
5.03382
1.63367
0.0619756
0.0619756
1.79223
0.140358
0.140358
1.71385
2.83212
0.441682
0.441682
3.37868
3.82036
0.865966
0.901923
0.607384
0.541144
0.541144
0.0662394
0.235442
0.842826
1.23731
2.08014
1.55572
0.17187
0.108814
0.108814
0.063056
0.352135
0.332704
0.332704
0.191301
1.84945
0.0870263
0.00544573
0.00544573
0.0815805
0.372071
0.459097
1.21633
0.0811753
0.0811753
0.299585
0.0376663
0.0376663
0.343094
0.0311236
0.411884
1.26355
0.698023
1.26241
1.95239
1.07924
1.76506