1.150580644607543945312500000000
0.358289718627929687500000000000
0.509779036045074462890625000000
0.605386674404144287109375000000
0.339640408754348754882812500000
0.308562517166137695312500000000
0.244032755494117736816406250000
0.244032844901084899902343750000
0.031077891588211059570312500000
0.031077986583113670349121093750
0.000000094994902610778808593750
0.000000094994902610778808593750
0.000000094994902610778808593750
0.000000094994902610778808593750
0.000000094994902610778808593750
0.000000094994902610778808593750
