0.143869
0.143869
3.59792
0.000762829
0.000762829
0.638846
0.639609
3.10218
1.4319
0.711482
0.711482
0.184046
0.170875
0.170875
0.123105
0.29398
0.601549
0.286565
1.18209
0.753451
1.65626
1.65626
0.279289
0.506532
2.09706
1.50744
1.50744
0.589622
0.345019
0.0965759
0.867873
0.773057
0.773057
0.0927921
0.865849
0.00202413
1.67078
2.63504
1.49309
0.561458
0.561458
3.54942
0.63199
0.522343
0.522343
0.109647
1.66565
1.86633
0.682263
0.682263
0.799652
1.48191
0.384417
0.431307
1.81324
1.94342
1.24816
1.24816
0.516797
0.623853
0.47103
0.47103
0.152824
1.1411
4.28934
0.612479
0.0843013
3.59132
0.879888
0.0704417
0.0704417
0.166611
0.237052
0.642836
2.01336
0.01
0.01
2.89324
0.698073
0.215573
0.0474522
0.0474522
3.75944
2.94419