2.63584
1.00919
0.153746
0.153746
0.557456
0.711203
0.297988
0.946311
1.9555
0.680341
1.59401
1.59305
1.59305
0.624582
2.21763
2.01222
0.30622
0.182184
0.01
0.01
0.182184
0.473092
0.655276
0.139067
0.0880868
0.00723933
0.00723933
0.0808475
0.706256
0.807395
0.117418
0.117418
1.13515
1.25257
0.349172
2.93434
2.00812
1.37466
0.643397
0.643397
0.731266
3.23966
1.97292
0.282803
0.0337156
0.0337156
0.249087
1.69012
2.6414
0.409079
5.0234
1.52079
0.283676
0.0792924
0.0792924
0.135157
0.21445
0.00456946
0.219019
0.46437
0.265101
0.265101
0.29006
0.555161
0.128229
0.276492
0.959882
5.45553
0.865711
0.0108583
0.0108583
0.471329
0.482188
0.383523
0.71084
0.22511
0.22511
1.35144
0.923353
2.4999
3.91551
0.412459