0.5527
0.155164
0.155164
0.322806
0.193723
0.122853
0.122853
0.0708695
0.284247
0.0747299
5.08243
2.11548
2.11548
1.36674
0.242958
0.242958
0.640794
0.135429
0.135429
0.748324
0.808319
1.69207
0.463702
1.80629
1.7544
1.7544
0.0518871
0.349486
0.606419
0.671691
0.01
0.01
0.671691
2.0905
0.720031
0.211371
3.69359
0.22744
2.06059
0.167458
0.167458
0.432793
0.600251
1.38685
0.32712
0.283894
0.283894
0.0432258
0.120098
0.447218
0.0687402
0.515958
0.348302
0.435554
0.33042
0.33042
0.105134
0.428706
0.523752
0.499978
0.499978
0.403525
0.760556
0.0418609
0.0418609
0.718695
0.142947
0.0996028
0.575159
0.575159
0.427947
0.384906
0.59909
0.0734927
1.86044
1.71409