73 1
49 2
49 3
50 49
50 4
53 50
51 5
51 6
52 51
52 7
53 52
54 53
54 8
55 54
55 9
57 55
56 10
56 11
57 56
60 57
58 12
58 13
59 58
59 14
60 59
69 60
61 15
61 16
62 61
62 17
64 62
63 18
63 19
64 63
68 64
65 20
65 21
67 65
66 22
66 23
67 66
68 67
69 68
72 69
71 24
70 25
70 26
71 70
72 71
73 72
75 73
74 27
74 28
75 74
83 75
81 29
76 30
76 31
77 76
77 32
79 77
78 33
78 34
79 78
80 79
80 35
81 80
82 81
82 36
83 82
95 83
85 37
84 38
84 39
85 84
89 85
88 40
86 41
86 42
87 86
87 43
88 87
89 88
94 89
90 44
90 45
93 90
92 46
91 47
91 48
92 91
93 92
94 93
95 94