0.124994
0.124994
0.544778
0.125411
0.125411
0.195597
0.321008
0.142469
0.285885
0.285885
0.177591
0.206295
0.102797
0.719626
0.719626
0.0529433
0.638006
0.708386
0.708386
0.702189
0.621816
1.49714
0.01
0.01
0.826192
0.826192
0.211887
1.03808
0.459064
0.043042
0.130006
0.130006
1.41018
0.492206
1.70694
3.73933
0.682691
0.385717
0.170151
0.170151
0.215566
1.54092
1.92664
0.742697
0.0848461
0.0848461
0.169553
0.254399
2.41494
1.45613
2.60941
0.0337628
0.0337628
2.53845
0.444847
0.0810184
0.0810184
0.363829
1.1043
1.29919
1.29919
0.249957
0.237829
1.41512
0.318645
0.236426
0.236426
0.0822198
1.09648
0.371849
0.785237
0.0371993
1.51606
0.296546