3.44537
2.11892
0.0571586
0.0571586
0.141488
0.118077
0.118077
0.0805696
1.92028
1.32645
8.50917
1.92108
1.92108
0.655434
2.57652
3.95748
3.5653
2.54443
2.54443
0.893399
1.56358
1.56358
1.87425
0.127474
1.40716
0.138921
0.138921
4.83354
1.44431
3.05921
0.01
0.01
0.367692
0.367692
2.69152
3.35756
0.117229
1.46999
0.889014
0.253702
0.253702
0.501133
0.363248
0.363248
0.034825
0.398073
0.356762
0.134179
4.232
0.387896
0.387896
0.745724
0.012729
0.012729
0.348967
0.0234011
0.0234011
0.255194
0.278596
0.0831001
0.771925
0.484939
1.61856
2.10061
3.71917
1.40185
0.760583
0.0549672
0.0549672
2.36462
2.41958
3.46201
2.12239
3.95055