2.000000000000000000000000000000
0.148938164114952087402343750000
0.064448349177837371826171875000
0.028061857447028160095214843750
0.305745989084243774414062500000
1.317040801048278808593750000000
0.524757921695709228515625000000
1.627121210098266601562500000000
0.094056077301502227783203125000
1.204496264457702636718750000000
0.323365122079849243164062500000
1.159575581550598144531250000000
0.049135416746139526367187500000
0.049135416746139526367187500000
0.008224010467529296875000000000
0.008224010467529296875000000000
0.008224010467529296875000000000
0.008224010467529296875000000000
0.008224010467529296875000000000
0.008224010467529296875000000000
0.000000000000000000000000000000
0.000000000000000000000000000000
0.000000000000000000000000000000
0.000000000000000000000000000000
0.000000000000000000000000000000
0.000000000000000000000000000000
