1.61837
0.343228
0.343228
0.326621
0.66985
0.800258
0.0189712
0.0189712
1.45114
0.148264
0.251418
1.86979
2.22788
3.1099
0.26642
0.26642
2.53482
1.16213
0.040955
0.01
0.01
0.040955
1.12118
1.63911
0.308653
0.987777
0.839406
0.104193
0.0590732
0.0590732
0.0451196
1.43108
1.53528
2.14741
0.645545
0.645545
1.80919
2.45473
1.22795
1.25439
1.64174
3.53493
3.53493
3.04389
0.906733
0.347978
0.347978
0.79012
0.0999191
0.0999191
1.03818
0.371774
0.703662
0.703662
0.264779
0.968442
0.541431
5.97568
3.73922
2.24688
0.0173182
0.0173182
0.212555
0.229873
2.01701
3.81089
1.10417
1.10417
4.9536
1.72148
0.928685
0.928685
2.95204
0.774444
0.774444
1.88724
0.260469
0.00565514
0.00565514
0.254814
0.235757
0.496226
2.16546
1.21904
0.0562096
1.09938
1.09938
0.599638
0.0423538
0.0423538
1.65666
2.23792
1.36667
3.33641
3.33641
1.96718
2.47566
3.44552