0.307504117488861083984375000000
1.153700351715087890625000000000
0.114533148705959320068359375000
0.415235489606857299804687500000
1.319063186645507812500000000000
0.855564594268798828125000000000
0.846299707889556884765625000000
0.609551906585693359375000000000
0.722398281097412109375000000000
0.722398281097412109375000000000
0.236747801303863525390625000000
0.236747801303863525390625000000
0.000000000000000000000000000000
0.000000000000000000000000000000
0.000000000000000000000000000000
0.000000000000000000000000000000
0.000000000000000000000000000000
0.000000000000000000000000000000
0.000000000000000000000000000000
0.000000000000000000000000000000
