4.88071
0.257084
0.257084
0.901578
0.824765
0.240903
0.240903
0.225802
0.226392
0.226392
0.240312
0.358061
0.333896
3.72205
1.399
1.40394
0.533279
0.125574
0.125574
0.407705
0.0842263
0.182205
0.182205
0.4353
0.786436
0.748322
2.15226
2.45204
0.526391
0.146975
0.146975
0.379416
1.73186
0.0640128
0.0640128
1.13333
0.0339292
0.01
0.01
0.0339292
1.16341
1.06091
1.96075
0.833196
0.242077
0.242077
0.591119
1.41832
2.25152
1.32511
3.57662
0.642381
0.385297
1.50673
2.6849
0.813601
0.813601
0.220974
0.132553
0.132553
0.0327779
0.165331
0.869243
1.65032
3.42613
0.168686
4.76387
5.1368
0.210974
0.116487
0.116487
0.0944868
4.92583
5.87836
0.483832
0.269755
0.229716
0.229716
0.0400387
0.214077
0.878622
1.10848
1.10848
0.253973
5.16942
3.3875
3.3875
1.34084
0.0141558
0.0141558
4.71419
1.80353
4.48329
0.0284267