46 1
46 2
48 46
47 3
47 4
48 47
56 48
49 5
49 6
50 49
50 7
55 50
51 8
51 9
54 51
53 10
52 11
52 12
53 52
54 53
55 54
56 55
86 56
57 13
57 14
58 57
58 15
63 58
62 16
61 17
59 18
59 19
60 59
60 20
61 60
62 61
63 62
67 63
66 21
65 22
64 23
64 24
65 64
66 65
67 66
68 67
68 25
80 68
69 26
69 27
79 69
70 28
70 29
78 70
71 30
71 31
73 71
72 32
72 33
73 72
77 73
74 34
74 35
76 74
75 36
75 37
76 75
77 76
78 77
79 78
80 79
85 80
81 38
81 39
83 81
82 40
82 41
83 82
84 83
84 42
85 84
86 85
89 86
88 43
87 44
87 45
88 87
89 88