3.11409
0.466642
0.466642
0.633881
0.0798982
0.0798982
0.121622
0.20152
0.899003
2.01357
0.19111
0.0339175
0.0339175
0.594974
0.245097
0.245097
0.383794
0.872453
1.50134
1.80386
0.722228
2.31988
0.384772
0.384772
0.24321
0.21432
0.21432
0.413662
1.46706
0.174359
0.174359
1.92068
0.217596
1.58096
0.496
0.390561
0.320851
0.320851
0.0697098
0.105439
0.54214
0.161482
0.01
0.01
0.161482
0.876658
0.542823
0.0296332
1.6106
0.340071
0.186675
0.186675
1.16978
1.35645
0.594215
0.36197
0.007239
1.36294
1.89587
1.89587
0.525597
0.148435
0.148435
0.911788
1.06022
1.36124
1.26135
0.34462
2.09165
2.03813
0.0614717
0.0614717
1.97666
4.08095