1.039430141448974609375000000000
0.279029369354248046875000000000
0.639293789863586425781250000000
0.100266970694065093994140625000
0.525273680686950683593750000000
0.167039871215820312500000000000
0.066406808793544769287109375000
0.295870900154113769531250000000
0.321276187896728515625000000000
0.321276187896728515625000000000
0.268622577190399169921875000000
0.268622577190399169921875000000
0.039158485829830169677734375000
0.039158485829830169677734375000
0.000000000000000000000000000000
0.000000000000000000000000000000
