51 1
51 2
55 51
52 3
52 4
54 52
53 5
53 6
54 53
55 54
71 55
56 7
56 8
70 56
57 9
57 10
58 57
58 11
61 58
60 12
59 13
59 14
60 59
61 60
63 61
62 15
62 16
63 62
69 63
64 17
64 18
65 64
65 19
67 65
66 20
66 21
67 66
68 67
68 22
69 68
70 69
71 70
73 71
72 23
72 24
73 72
87 73
75 25
74 26
74 27
75 74
78 75
77 28
76 29
76 30
77 76
78 77
81 78
80 31
79 32
79 33
80 79
81 80
86 81
82 34
82 35
83 82
83 36
84 83
84 37
85 84
85 38
86 85
87 86
99 87
88 39
88 40
89 88
89 41
91 89
90 42
90 43
91 90
94 91
93 44
92 45
92 46
93 92
94 93
98 94
97 47
96 48
95 49
95 50
96 95
97 96
98 97
99 98