0.070352829992771148681640625000
0.162403434514999389648437500000
0.536972820758819580078125000000
1.093624830245971679687500000000
1.383892536163330078125000000000
0.270830154418945312500000000000
0.817114114761352539062500000000
1.113062500953674316406250000000
0.211605578660964965820312500000
0.344051837921142578125000000000
0.255329906940460205078125000000
0.052132330834865570068359375000
0.472034931182861328125000000000
0.472034931182861328125000000000
0.382318347692489624023437500000
0.382318347692489624023437500000
0.386415272951126098632812500000
0.295948356389999389648437500000
0.334850043058395385742187500000
0.090466909110546112060546875000
0.090466909110546112060546875000
0.090466909110546112060546875000
0.334850043058395385742187500000
0.090466909110546112060546875000
0.334850043058395385742187500000
0.169979691505432128906250000000
0.334850043058395385742187500000
0.090466909110546112060546875000
0.334850043058395385742187500000
0.090466909110546112060546875000
0.334850043058395385742187500000
0.090466909110546112060546875000
0.079512797296047210693359375000
0.363237112760543823242187500000
0.079512797296047210693359375000
0.363237112760543823242187500000
0.063133358955383300781250000000
0.363237112760543823242187500000
0.079512797296047210693359375000
0.007063632365316152572631835938
0.079512797296047210693359375000
0.363237112760543823242187500000
0.079512797296047210693359375000
0.363237112760543823242187500000
0.079512797296047210693359375000
0.046929042786359786987304687500
0.079512797296047210693359375000
0.363237112760543823242187500000
0.016379438340663909912109375000
0.016379438340663909912109375000
0.157748162746429443359375000000
0.062656097114086151123046875000
0.164870321750640869140625000000
0.283724337816238403320312500000
0.283724337816238403320312500000
0.283724337816238403320312500000
0.283724337816238403320312500000
0.283724337816238403320312500000
0.283724337816238403320312500000
0.098580136895179748535156250000
0.260858744382858276367187500000
0.187893375754356384277343750000
0.283724337816238403320312500000
0.283724337816238403320312500000
0.220954164862632751464843750000
0.265189588069915771484375000000
0.283724337816238403320312500000
0.043665703386068344116210937500
0.283724337816238403320312500000
0.201199024915695190429687500000
0.185144230723381042480468750000
0.185144230723381042480468750000
0.007122164592146873474121093750
0.007122164592146873474121093750
0.118854016065597534179687500000
0.118854016065597534179687500000
0.118854016065597534179687500000
0.118854016065597534179687500000
0.118854016065597534179687500000
0.118854016065597534179687500000
0.017677281051874160766601562500
0.028006156906485557556152343750
0.118854016065597534179687500000
0.118854016065597534179687500000
0.113525196909904479980468750000
0.118854016065597534179687500000
0.040773846209049224853515625000
0.047406628727912902832031250000
0.118854016065597534179687500000
0.118854016065597534179687500000
0.118854016065597534179687500000
0.118854016065597534179687500000
0.101176738739013671875000000000
0.101176738739013671875000000000
0.090847864747047424316406250000
0.090847864747047424316406250000
0.078080177307128906250000000000
0.078080177307128906250000000000
0.062770158052444458007812500000
0.062770158052444458007812500000
0.010886974632740020751953125000
0.022865571081638336181640625000
0.011978597380220890045166015625
0.011978597380220890045166015625
0.005328822880983352661132812500
0.005328822880983352661132812500
0.000000000000000000000000000000
0.000000000000000000000000000000
0.000000000000000000000000000000
0.000000000000000000000000000000
0.000000000000000000000000000000
0.000000000000000000000000000000
0.000000000000000000000000000000
0.000000000000000000000000000000
0.000000000000000000000000000000
0.000000000000000000000000000000
0.000000000000000000000000000000
0.000000000000000000000000000000
