0.884979784488677978515625000000
0.437973767518997192382812500000
0.104802660644054412841796875000
0.669315755367279052734375000000
0.343658268451690673828125000000
0.347204625606536865234375000000
0.496451914310455322265625000000
0.023689242079854011535644531250
0.461638152599334716796875000000
0.809586822986602783203125000000
0.214966505765914916992187500000
0.309891164302825927734375000000
0.247298583388328552246093750000
0.214491635560989379882812500000
0.056377254426479339599609375000
0.056377254426479339599609375000
0.000000000000000000000000000000
0.000000000000000000000000000000
