0.610867679119110107421875000000
1.756558537483215332031250000000
1.220372676849365234375000000000
0.091784641146659851074218750000
0.187789961695671081542968750000
0.964342117309570312500000000000
0.079310633242130279541015625000
0.293769419193267822265625000000
0.815788447856903076171875000000
0.381359696388244628906250000000
0.434428691864013671875000000000
0.185681387782096862792968750000
0.333005607128143310546875000000
0.333005607128143310546875000000
0.062887497246265411376953125000
0.203123599290847778320312500000
0.180554002523422241210937500000
0.180554002523422241210937500000
0.040317904204130172729492187500
0.040317904204130172729492187500
0.000000000000000000000000000000
0.000000000000000000000000000000
0.000000000000000000000000000000
0.000000000000000000000000000000
0.000000000000000000000000000000
0.000000000000000000000000000000
0.000000000000000000000000000000
0.000000000000000000000000000000
0.000000000000000000000000000000
0.000000000000000000000000000000
0.000000000000000000000000000000
0.000000000000000000000000000000
0.000000000000000000000000000000
0.000000000000000000000000000000
0.000000000000000000000000000000
0.000000000000000000000000000000
