0.328848
0.328848
0.230029
0.558876
7.95936
0.0220956
0.0220956
0.407316
0.307855
0.307855
0.121557
0.0819122
0.511324
1.49372
0.719855
0.719855
0.283772
1.00363
0.128312
0.269206
0.269206
0.862733
0.873103
6.5132
8.48776
0.780527
0.780527
7.32011
4.58596
0.110654
0.110654
4.4753
3.51468
0.640675
8.08342
0.860532
0.332244
0.332244
0.528288
4.70502
1.88363
0.947907
0.177977
0.177977
0.76993
0.935721
0.0721253
1.95575
3.60979
0.585162
0.983045
0.43955
0.273001
0.273001
0.166549
0.543495
1.79808
2.78113
3.29157
1.09876
1.09876
0.702222
0.325436
0.0850972
0.0850972
0.225543
0.01
0.01
0.31064
0.0147957
0.566453
0.891889
0.0530204
0.197233
0.197233
0.747677
0.856075
4.27171
0.0780136
1.93271
0.657892
8.26469