0.061645943671464920043945312500
0.530888378620147705078125000000
0.397741913795471191406250000000
1.117988348007202148437500000000
1.469111800193786621093750000000
0.769802570343017578125000000000
0.163987174630165100097656250000
0.399623781442642211914062500000
0.393847495317459106445312500000
0.656378746032714843750000000000
0.420742154121398925781250000000
0.420742154121398925781250000000
0.262531280517578125000000000000
0.262531280517578125000000000000
0.000000000000000000000000000000
0.000000000000000000000000000000
