0.188048
0.188048
3.92663
0.162531
0.162531
1.24948
1.41201
2.70266
0.548243
0.809368
0.583896
0.41059
0.41059
0.157407
0.0288722
0.0288722
0.539125
0.0158991
0.225472
1.06597
0.710724
0.12817
0.12817
0.582554
1.16462
1.24517
3.12051
0.366139
2.59505
0.435113
0.318863
0.318863
0.11625
2.15993
0.588795
3.18384
0.302805
1.08338
0.745172
0.723471
0.723471
0.0217017
2.93553
0.292521
0.148078
0.01
0.01
0.148078
0.0539418
0.20202
0.0905002
0.0465985
0.339119
2.402
1.341
0.474617
0.474617
0.866385
1.40012
0.172078
2.47218
0.287484
0.287484
1.246
0.443009
0.443009
1.09048
0.938691
0.441021
0.767501
0.889325
0.0928905