45 1
45 2
69 45
49 3
48 4
46 5
46 6
47 46
47 7
48 47
49 48
56 49
50 8
50 9
55 50
51 10
51 11
54 51
52 12
52 13
53 52
53 14
54 53
55 54
56 55
68 56
58 15
57 16
57 17
58 57
60 58
59 18
59 19
60 59
67 60
65 20
61 21
61 22
64 61
62 23
62 24
63 62
63 25
64 63
65 64
66 65
66 26
67 66
68 67
69 68
87 69
70 27
70 28
72 70
71 29
71 30
72 71
76 72
74 31
73 32
73 33
74 73
75 74
75 34
76 75
79 76
78 35
77 36
77 37
78 77
79 78
85 79
80 38
80 39
81 80
81 40
82 81
82 41
84 82
83 42
83 43
84 83
85 84
86 85
86 44
87 86