3.78794
3.78794
10.1602
0.828784
0.456091
0.0832546
0.0832546
0.303218
0.386472
0.0696187
0.372693
7.62038
0.0986278
0.0986278
5.0202
0.36306
0.36306
2.62494
1.27288
1.27288
0.736692
2.00957
0.97843
2.13083
3.33033
1.28703
0.187619
0.00857244
0.00857244
0.179047
7.33843
3.2471
3.2471
4.27895
0.595985
1.77871
0.32872
0.32872
0.135501
0.01
0.01
0.0263804
0.0263804
0.43784
1.31449
3.74854
5.52726
2.59477
1.61416
4.21194
2.17345
0.341904
0.341904
0.491097
0.000537437
0.000537437
0.832464
0.908762
0.922792
0.468997
0.468997
0.453795
0.659464
1.58226
0.159506
0.287454
0.964006
0.466219
0.466219
0.497787
1.06521
4.93597
0.0962186
0.0962186
0.0137744
0.109993
0.127904
0.237897
2.9135
0.7701
0.7701
2.3813
3.81379
7.66244
14.6276
1.49395