11.5505
0.292924
0.292924
3.40368
0.0250218
0.0250218
0.758881
0.169016
0.169016
0.448786
0.617802
0.1661
2.05262
0.0291194
0.0291194
2.09475
2.12387
0.712652
0.860078
2.88169
3.0368
0.01
0.01
0.468967
0.468967
0.499715
0.968682
0.128212
1.09689
1.93991
3.54149
4.97217
0.246914
0.118636
0.118636
2.68848
2.80712
1.71633
1.16537
1.14564
0.237728
0.237728
0.907913
0.0197313
3.35807
4.12173
5.20394
5.20394
3.44123
1.55741
0.963133
0.280815
0.280815
0.682319
2.42168
0.258062
0.258062
2.76456
0.477751
0.111459
0.111459
0.366292
2.54487
0.362194
6.81778
1.59479