0.217978060245513916015625000000
0.079223103821277618408203125000
1.920776844024658203125000000000
1.508463025093078613281250000000
0.660982549190521240234375000000
1.390715599060058593750000000000
0.773096263408660888671875000000
0.189839482307434082031250000000
0.684430599212646484375000000000
0.720794379711151123046875000000
0.412313967943191528320312500000
0.133431196212768554687500000000
0.391306400299072265625000000000
0.027149526402354240417480468750
0.347943186759948730468750000000
0.025196045637130737304687500000
0.010162811726331710815429687500
0.237394630908966064453125000000
0.278882771730422973632812500000
0.278882771730422973632812500000
0.246769368648529052734375000000
0.142000257968902587890625000000
0.076612524688243865966796875000
0.210405588150024414062500000000
0.133793056011199951171875000000
0.113201133906841278076171875000
0.000000000000000000000000000000
0.000000000000000000000000000000
0.000000000000000000000000000000
0.000000000000000000000000000000
0.000000000000000000000000000000
0.000000000000000000000000000000
0.000000000000000000000000000000
0.000000000000000000000000000000
0.000000000000000000000000000000
0.000000000000000000000000000000
0.000000000000000000000000000000
0.000000000000000000000000000000
0.000000000000000000000000000000
0.000000000000000000000000000000
