46 1
46 2
56 46
47 3
47 4
48 47
48 5
49 48
49 6
51 49
50 7
50 8
51 50
53 51
52 9
52 10
53 52
55 53
54 11
54 12
55 54
56 55
59 56
57 13
57 14
58 57
58 15
59 58
64 59
63 16
61 17
60 18
60 19
61 60
62 61
62 20
63 62
64 63
75 64
65 21
65 22
70 65
66 23
66 24
69 66
67 25
67 26
68 67
68 27
69 68
70 69
74 70
71 28
71 29
73 71
72 30
72 31
73 72
74 73
75 74
76 75
76 32
78 76
77 33
77 34
78 77
89 78
79 35
79 36
81 79
80 37
80 38
81 80
86 81
85 39
84 40
83 41
82 42
82 43
83 82
84 83
85 84
86 85
88 86
87 44
87 45
88 87
89 88