3.5174
0.570514
0.570514
0.48944
0.242244
0.242244
0.81771
0.501063
0.639575
0.639575
0.921441
0.00763991
0.662055
0.662055
0.135179
0.441595
0.441595
0.355639
0.771422
0.967887
0.196211
0.167623
0.167623
0.028588
0.73188
0.928091
0.214373
0.344052
0.344052
0.798412
0.466621
1.60909
0.403046
2.01213
0.524413
0.980858
0.549318
0.52618
0.0246115
0.0246115
0.258416
0.283028
0.00473748
0.00285339
0.00285339
0.284912
0.238415
0.468304
0.178858
0.178858
0.815626
3.07224
0.531225
1.13057
1.10681
1.10681
0.023759
2.24966
0.01
0.01
2.04014
2.04014
0.845842
0.0889153
0.0889153
0.522262
0.611177
2.2748
0.494253
1.21771