0.012195907533168792724609375000
0.109787218272686004638671875000
0.470365196466445922851562500000
0.487096339464187622070312500000
0.722405016422271728515625000000
0.722278594970703125000000000000
1.450233101844787597656250000000
0.115315735340118408203125000000
0.638967990875244140625000000000
0.004341989289969205856323242188
0.724234938621520996093750000000
1.085299611091613769531250000000
0.126091241836547851562500000000
0.145251065492630004882812500000
0.171676933765411376953125000000
0.955155491828918457031250000000
0.763155579566955566406250000000
0.763155579566955566406250000000
0.082634806632995605468750000000
0.082634806632995605468750000000
