1.28581
1.19852
0.570622
0.570622
0.112777
0.683399
0.489732
0.276446
0.276446
0.408305
0.378972
0.378972
0.305779
0.00168164
0.686433
0.234218
0.837081
0.0116152
0.0116152
0.184822
0.196438
0.083321
0.279759
0.557323
0.0835696
0.25248
0.0253892
0.0872945
3.45556
0.565708
0.0266815
0.0266815
0.539027
0.61051
0.479572
0.479572
0.696646
0.534979
0.800622
0.800622
0.889293
1.68991
0.0212816
0.591413
2.30261
1.72484
1.49611
0.402109
0.402109
1.094
1.35424
0.0801705
0.0801705
0.744217
0.272459
0.272459
0.551928
1.19549
1.76865
1.08644
0.807848
0.11901
0.11901
0.449243
0.331919
0.331919
0.236333
0.239596
0.188888
0.715647
0.715647
0.281089
0.0897088
0.225058
0.632515
0.632515
0.678988
0.45715
0.206389
1.97504
0.0448354
0.830474
1.1771
0.168318
2.39428
0.890923
0.01
0.01
0.890923
0.40669
1.29761
1.04818
2.34579
0.048488
1.80149
0.545611