0.352541893720626831054687500000
0.745644211769104003906250000000
0.437071770429611206054687500000
1.175345420837402343750000000000
0.092118576169013977050781250000
0.348628520965576171875000000000
0.111873254179954528808593750000
1.210386395454406738281250000000
1.162237286567687988281250000000
0.803821086883544921875000000000
0.100685849785804748535156250000
0.197146013379096984863281250000
0.090689584612846374511718750000
0.096235953271389007568359375000
0.157229036092758178710937500000
0.055297993123531341552734375000
0.625392258167266845703125000000
0.079774655401706695556640625000
0.659053921699523925781250000000
0.408863186836242675781250000000
0.027393214404582977294921875000
0.629030883312225341796875000000
0.411148428916931152343750000000
0.601637661457061767578125000000
0.124158643186092376708984375000
0.393347263336181640625000000000
0.040235124528408050537109375000
0.432964205741882324218750000000
0.161940544843673706054687500000
0.250190675258636474609375000000
0.190489187836647033691406250000
0.009231005795300006866455078125
0.163775593042373657226562500000
0.163775593042373657226562500000
0.083413310348987579345703125000
0.083413310348987579345703125000
0.000000000000000000000000000000
0.000000000000000000000000000000
