0.01
0.01
0.386424
0.386424
0.362301
0.748725
0.103101
0.851826
1.8215
0.113094
0.113094
1.3144
0.0150042
0.0150042
1.41249
0.1863
0.324083
0.324083
1.20846
1.35425
0.997656
0.997656
0.356593
0.178297
0.0812488
1.05953
1.10754
0.414957
0.414957
0.107887
0.522844
1.94634
2.46918
0.403235
0.017867
0.017867
1.67061
0.368516
0.368516
1.15524
0.897562
0.43215
0.00857656
0.00857656
0.423574
0.465411
0.0127861
0.910348
0.613409
0.16472
1.18394
0.261566
0.051566
0.051566
1.60923
0.302256
0.302256
1.35854
1.08902
0.487361
0.487361
0.156943
0.644304
0.881782
1.52609
1.22373
0.384166
0.646885