46 1
45 2
45 3
46 45
52 46
47 4
47 5
49 47
48 6
48 7
49 48
50 49
50 8
51 50
51 9
52 51
87 52
56 10
55 11
53 12
53 13
54 53
54 14
55 54
56 55
86 56
58 15
57 16
57 17
58 57
61 58
60 18
59 19
59 20
60 59
61 60
72 61
62 21
62 22
71 62
64 23
63 24
63 25
64 63
70 64
66 26
65 27
65 28
66 65
69 66
67 29
67 30
68 67
68 31
69 68
70 69
71 70
72 71
85 72
74 32
73 33
73 34
74 73
75 74
75 35
76 75
76 36
84 76
78 37
77 38
77 39
78 77
83 78
79 40
79 41
82 79
80 42
80 43
81 80
81 44
82 81
83 82
84 83
85 84
86 85
87 86