0.690635
0.690635
1.27396
0.96719
0.96719
0.216611
1.1838
0.262951
0.520487
0.520487
0.926264
0.51784
0.236967
0.768528
0.173061
0.173061
0.595467
0.5768
1.08186
1.08186
0.263467
0.85623
0.584132
2.00786
2.00786
0.777833
2.29439
0.330704
0.330704
3.66169
1.04424
0.0228424
0.0228424
1.02139
2.94816
0.987337
0.936314
0.0203871
0.0203871
0.603504
0.623891
0.312423
0.526773
0.01
0.01
1.46309
2.78431
1.79201
1.79201
0.226689
2.0187
2.2287
0.732332
0.10035
4.37325
0.198945
0.198945
2.70975
2.90869
0.199585
0.115632
0.115632
2.99265
6.34505