0.093128561973571777343750000000
0.496389180421829223632812500000
1.416054725646972656250000000000
0.414593428373336791992187500000
0.263528138399124145507812500000
0.327417463064193725585937500000
0.412822514772415161132812500000
0.773402750492095947265625000000
0.194725900888442993164062500000
1.079455614089965820312500000000
0.884729743003845214843750000000
0.294188141822814941406250000000
0.490816831588745117187500000000
0.490816831588745117187500000000
0.000000000000000000000000000000
0.000000000000000000000000000000
0.000000000000000000000000000000
0.000000000000000000000000000000
0.000000000000000000000000000000
0.000000000000000000000000000000
0.000000000000000000000000000000
0.000000000000000000000000000000
