1.04437
0.300943
0.300943
0.31064
0.611583
0.432786
1.64092
0.225121
0.118147
0.0676169
0.0676169
0.0505301
0.106974
1.37918
1.148
1.148
0.456299
1.00354
0.832007
0.176508
0.176508
0.239012
0.41552
0.0671437
0.482664
0.00156899
0.484233
0.347774
1.77584
0.0774419
3.18131
0.0013386
0.0013386
0.845856
0.847195
1.95542
0.801139
0.801139
2.00148
0.504652
3.30727
0.536079
0.93144
0.244692
0.01
0.01
0.244692
0.406819
0.232521
0.232521
0.418991
0.279929
0.847165
0.467571
0.260462
0.260462
0.207109
1.06569
1.53326
0.245343
2.06474
2.02325