52 1
50 2
49 3
49 4
50 49
51 50
51 5
52 51
71 52
53 6
53 7
54 53
54 8
59 54
55 9
55 10
58 55
57 11
56 12
56 13
57 56
58 57
59 58
70 59
60 14
60 15
68 60
61 16
61 17
63 61
62 18
62 19
63 62
67 63
65 20
64 21
64 22
65 64
66 65
66 23
67 66
68 67
69 68
69 24
70 69
71 70
95 71
76 25
75 26
72 27
72 28
73 72
73 29
74 73
74 30
75 74
76 75
85 76
79 31
77 32
77 33
78 77
78 34
79 78
84 79
83 35
82 36
80 37
80 38
81 80
81 39
82 81
83 82
84 83
85 84
94 85
86 40
86 41
88 86
87 42
87 43
88 87
93 88
90 44
89 45
89 46
90 89
92 90
91 47
91 48
92 91
93 92
94 93
95 94