0.619531273841857910156250000000
0.263750314712524414062500000000
0.577102661132812500000000000000
0.198136374354362487792968750000
0.828906655311584472656250000000
1.197778701782226562500000000000
0.452582716941833496093750000000
0.006312539335340261459350585938
0.178696021437644958496093750000
1.152833461761474609375000000000
0.000612987903878092765808105469
0.420025348663330078125000000000
0.705951333045959472656250000000
0.281282395124435424804687500000
0.024220304563641548156738281250
0.162942960858345031738281250000
0.424668967723846435546875000000
0.424668967723846435546875000000
0.182689964771270751953125000000
0.182689964771270751953125000000
0.000001013278961181640625000000
0.000001013278961181640625000000
