1.549671173095703125000000000000
0.742643713951110839843750000000
0.880537748336791992187500000000
0.779819190502166748046875000000
0.072931781411170959472656250000
0.283895760774612426757812500000
0.404605329036712646484375000000
0.218563407659530639648437500000
0.193641304969787597656250000000
0.193641304969787597656250000000
0.186041891574859619140625000000
0.186041891574859619140625000000
0.000000000000000000000000000000
0.000000000000000000000000000000
0.000000000000000000000000000000
0.000000000000000000000000000000
0.000000000000000000000000000000
0.000000000000000000000000000000
0.000000000000000000000000000000
0.000000000000000000000000000000
0.000000000000000000000000000000
0.000000000000000000000000000000
