50 1
46 2
46 3
49 46
48 4
47 5
47 6
48 47
49 48
50 49
55 50
51 7
51 8
52 51
52 9
54 52
53 10
53 11
54 53
55 54
60 55
57 12
56 13
56 14
57 56
59 57
58 15
58 16
59 58
60 59
62 60
61 17
61 18
62 61
89 62
63 19
63 20
69 63
64 21
64 22
68 64
66 23
65 24
65 25
66 65
67 66
67 26
68 67
69 68
88 69
70 27
70 28
71 70
71 29
73 71
72 30
72 31
73 72
87 73
76 32
75 33
74 34
74 35
75 74
76 75
79 76
78 36
77 37
77 38
78 77
79 78
80 79
80 39
81 80
81 40
86 81
82 41
82 42
83 82
83 43
85 83
84 44
84 45
85 84
86 85
87 86
88 87
89 88