0.421398
0.224494
0.140655
0.140655
0.0838392
0.066452
0.290946
0.130452
0.212796
0.634194
7.41971
5.74513
1.4803
1.4803
4.26483
2.30878
3.76951
0.01
0.01
0.958505
0.453114
0.453114
0.505391
6.75588
2.41424
0.122616
0.122616
2.29163
5.30014
0.42772
0.188232
0.188232
1.96007
0.732541
0.732541
1.41577
0.736789
0.209138
0.209138
2.18095
0.626185
0.249374
0.249374
0.376811
1.7639
0.495007
1.69511
0.549097
0.549097
0.159897
0.708994
1.49457
2.20357
2.37664
2.80567
0.436583
0.136977
0.136977
0.299606
6.94929
0.756231
3.6813