50 1
49 2
49 3
50 49
56 50
55 4
52 5
51 6
51 7
52 51
54 52
53 8
53 9
54 53
55 54
56 55
57 56
57 10
60 57
59 11
58 12
58 13
59 58
60 59
67 60
61 14
61 15
62 61
62 16
65 62
63 17
63 18
64 63
64 19
65 64
66 65
66 20
67 66
94 67
68 21
68 22
90 68
70 23
69 24
69 25
70 69
72 70
71 26
71 27
72 71
75 72
74 28
73 29
73 30
74 73
75 74
89 75
76 31
76 32
77 76
77 33
79 77
78 34
78 35
79 78
81 79
80 36
80 37
81 80
88 81
82 38
82 39
83 82
83 40
84 83
84 41
86 84
85 42
85 43
86 85
87 86
87 44
88 87
89 88
90 89
93 90
91 45
91 46
92 91
92 47
93 92
94 93
95 94
95 48