0.557142
0.543304
0.543304
0.0138378
1.00001
1.18272
0.472141
0.01
0.01
0.472141
0.51467
0.898067
0.898067
0.088744
0.195904
0.374436
0.146353
1.7035
0.929231
1.85307
1.05199
1.05199
0.801079
0.779669
4.32819
1.7786
1.7786
0.711519
2.49012
1.08997
0.199089
0.199089
2.98527
3.18436
0.395727
2.49416
6.07424
0.886675
2.07904
0.101709
0.101709
7.33627
0.891079
0.863695
0.863695
0.0273837
1.79883
0.0487209
0.0487209
2.64119
0.183425
2.57458
0.996813
0.996813
1.57777
0.298752
3.57163
0.135578
0.135578
0.243558
0.379136
1.19485
0.0254762
0.0254762
1.54851
0.0707245
0.146264
0.146264
1.49845
1.4989
0.291961
0.291961
0.0251728
0.317134
0.0789528
0.396086
0.426962
0.11859
0.11859
0.704458
1.17742
2.00047
1.14314
3.30135
0.993019
1.27424
1.39376
1.39376
0.522778
1.91654
6.79569
0.327732
0.789431
9.82939