0.44497
0.44497
1.25035
0.829293
0.829293
0.866031
2.94484
0.433453
0.433453
1.03768
0.314698
0.311089
0.311089
0.00360952
0.34014
0.654838
0.816295
0.0146614
0.457931
0.457931
1.02786
1.13311
2.44579
1.17053
1.17053
1.25997
2.4305
0.015293
0.17311
0.724998
0.439095
0.439095
0.245607
0.684702
1.84539
2.53009
0.81381
0.683733
4.02764
0.265463
2.96973
0.0708561
0.0708561
0.0523669
0.123223
0.83683
0.0810493
0.0810493
0.182596
0.263646
0.68318
0.946826
0.013227
0.321026
0.378226
0.01
0.01
0.0872257
0.0872257
0.291
0.902853
1.68866
0.264603
3.23434
1.05876
0.347069