53 1
51 2
51 3
52 51
52 4
53 52
58 53
57 5
56 6
54 7
54 8
55 54
55 9
56 55
57 56
58 57
60 58
59 10
59 11
60 59
67 60
61 12
61 13
62 61
62 14
64 62
63 15
63 16
64 63
66 64
65 17
65 18
66 65
67 66
78 67
69 19
68 20
68 21
69 68
77 69
76 22
70 23
70 24
74 70
71 25
71 26
73 71
72 27
72 28
73 72
74 73
75 74
75 29
76 75
77 76
78 77
99 78
79 30
79 31
80 79
80 32
98 80
82 33
81 34
81 35
82 81
97 82
83 36
83 37
87 83
86 38
84 39
84 40
85 84
85 41
86 85
87 86
89 87
88 42
88 43
89 88
96 89
92 44
91 45
90 46
90 47
91 90
92 91
94 92
93 48
93 49
94 93
95 94
95 50
96 95
97 96
98 97
99 98