0.47367
0.164491
0.164491
0.309179
0.383616
0.242495
0.17344
0.17344
0.0690553
0.614791
1.1396
0.0303312
0.0303312
0.41078
0.399824
0.01
0.01
0.331648
0.331648
0.0681754
0.0412875
0.139234
0.580346
1.41654
0.922589
0.139083
0.139083
0.229464
0.153319
0.153319
0.215228
0.574676
0.943223
0.928106
1.75093
0.765872
0.765872
0.915056
0.164193
0.147887
0.147887
0.0163063
0.365883
0.530076
1.03985
0.0204839
0.0204839
0.0436414
0.0641253
1.5058
0.0426651
1.60802
1.58562
0.852175
0.852175
0.733442
0.022401
0.00457552
0.0683355
0.0700035
0.120397
1.04815
0.307033
0.409362
0.409362
2.41989
1.60201
1.60201
1.22724
0.397253
0.252198
0.264663
0.264663
0.00580006
0.270463
1.976
2.24646
1.23224