0.120592
0.120592
1.26357
1.38416
3.84328
0.363509
0.363509
1.04022
1.40373
3.82371
0.641791
5.86923
0.33522
0.867935
0.867935
4.11534
1.61438
1.61438
0.413538
2.02792
1.31407
1.79958
0.169386
0.009282
0.009282
0.160104
0.259585
0.273919
0.273919
0.155052
1.3706
1.54241
0.632618
0.750596
0.0885569
0.0885569
0.662039
0.27352
1.02412
1.04434
0.907186
0.104942
0.104942
0.802244
0.821425
0.0777583
0.060063
0.060063
0.0176953
0.85263
0.912028
0.102446
0.102446
0.809581
0.0183612
0.798223
0.339847
0.437753
2.50621
0.557865
2.53499
2.53499
0.529083
0.910528
0.0141876
0.0683675
0.01
0.01
0.0683675
0.704365
0.772732
3.21606
0.994483
1.22118