0.514450192451477050781250000000
0.598858714103698730468750000000
0.348037242889404296875000000000
1.107091903686523437500000000000
0.144167244434356689453125000000
0.461227416992187500000000000000
0.664909660816192626953125000000
0.939913928508758544921875000000
0.228790163993835449218750000000
0.378458023071289062500000000000
0.275004327297210693359375000000
0.022253481671214103698730468750
0.149667859077453613281250000000
0.149667859077453613281250000000
0.000000000000000000000000000000
0.000000000000000000000000000000
0.000000000000000000000000000000
0.000000000000000000000000000000
0.000000000000000000000000000000
0.000000000000000000000000000000
