2.357241153717041015625000000000
2.357241153717041015625000000000
1.650699853897094726562500000000
1.040779948234558105468750000000
1.040779948234558105468750000000
1.650699853897094726562500000000
0.150873005390167236328125000000
0.150873005390167236328125000000
0.432866960763931274414062500000
0.150873005390167236328125000000
0.281993985176086425781250000000
0.951105892658233642578125000000
0.281993985176086425781250000000
0.951105892658233642578125000000
0.660790920257568359375000000000
0.724729001522064208984375000000
0.177053034305572509765625000000
0.458173006772994995117187500000
0.177053034305572509765625000000
0.378796994686126708984375000000
0.177053034305572509765625000000
0.378796994686126708984375000000
0.265681982040405273437500000000
0.453254938125610351562500000000
0.201743960380554199218750000000
0.453254938125610351562500000000
0.201743960380554199218750000000
0.453254938125610351562500000000
0.201743960380554199218750000000
0.453254938125610351562500000000
0.201743960380554199218750000000
0.453254938125610351562500000000
0.063938051462173461914062500000
0.223719999194145202636718750000
0.063938051462173461914062500000
0.223719999194145202636718750000
0.079376012086868286132812500000
0.079376012086868286132812500000
0.063938051462173461914062500000
0.290310978889465332031250000000
0.290314972400665283203125000000
0.223719999194145202636718750000
0.290314972400665283203125000000
0.290314972400665283203125000000
0.290314972400665283203125000000
0.223719999194145202636718750000
0.226376861333847045898437500000
0.113288000226020812988281250000
0.015437960624694824218750000000
0.226376861333847045898437500000
0.015437960624694824218750000000
0.113288000226020812988281250000
0.226376861333847045898437500000
0.113288000226020812988281250000
0.015437960624694824218750000000
0.113288000226020812988281250000
0.097850039601325988769531250000
0.210938900709152221679687500000
0.172135025262832641601562500000
0.210938900709152221679687500000
0.097850039601325988769531250000
0.210938900709152221679687500000
0.144343987107276916503906250000
0.210938900709152221679687500000
0.210934922099113464355468750000
0.210938900709152221679687500000
0.210938900709152221679687500000
0.210938900709152221679687500000
0.046493951231241226196289062500
0.113088876008987426757812500000
0.046493951231241226196289062500
0.113088876008987426757812500000
0.113088876008987426757812500000
0.113088876008987426757812500000
0.113088876008987426757812500000
0.113088876008987426757812500000
0.113088876008987426757812500000
0.113088876008987426757812500000
0.113088876008987426757812500000
0.113088876008987426757812500000
0.027791038155555725097656250000
0.029701599851250648498535156250
0.027791038155555725097656250000
0.029701599851250648498535156250
0.066594913601875305175781250000
0.029701599851250648498535156250
0.066594913601875305175781250000
0.029701599851250648498535156250
0.066594913601875305175781250000
0.029701599851250648498535156250
0.066594913601875305175781250000
0.029701599851250648498535156250
0.066594913601875305175781250000
0.066594913601875305175781250000
0.038799900561571121215820312500
0.038803879171609878540039062500
0.038803879171609878540039062500
0.038803879171609878540039062500
0.038799900561571121215820312500
0.038803879171609878540039062500
0.038799900561571121215820312500
0.038803879171609878540039062500
0.038799900561571121215820312500
0.038803879171609878540039062500
0.038799900561571121215820312500
0.038803879171609878540039062500
0.038799900561571121215820312500
0.038803879171609878540039062500
0.038803879171609878540039062500
0.038803879171609878540039062500
0.036893315613269805908203125000
0.036893315613269805908203125000
0.036893315613269805908203125000
0.036893315613269805908203125000
0.036893315613269805908203125000
0.036893315613269805908203125000
0.036893315613269805908203125000
0.036893315613269805908203125000
0.036893315613269805908203125000
0.036893315613269805908203125000
0.036893315613269805908203125000
0.036893315613269805908203125000
0.000003978610038757324218750000
0.000003978610038757324218750000
0.000003978610038757324218750000
0.000003978610038757324218750000
0.000003978610038757324218750000
0.000003978610038757324218750000
0.000003978610038757324218750000
0.000003978610038757324218750000
0.000003978610038757324218750000
0.000003978610038757324218750000
0.000003978610038757324218750000
0.000003978610038757324218750000
0.000003978610038757324218750000
0.000003978610038757324218750000
0.000003978610038757324218750000
0.000003978610038757324218750000
