1.0089
0.12294
0.12294
0.871217
0.994158
0.0147405
2.81358
0.0559738
0.0559738
2.62438
0.233648
0.205874
0.168866
0.168866
0.0370079
0.0277741
2.06464
2.29829
0.308978
0.0567279
0.0567279
2.55054
0.0730856
0.350348
0.00367774
0.00367774
0.293948
0.297626
1.50711
1.00966
1.00966
0.384536
0.803415
0.159242
0.159242
0.644173
0.59078
0.410542
0.616436
2.42117
0.609527
0.791778
0.397737
0.97635
0.97635
0.0301157
1.00647
3.21375
1.00394
2.08389
0.01
0.01
0.0777927
0.0777927
2.0061
0.876991
1.1521
0.53028
0.268549
0.268549
0.261732
0.621824
1.80878
0.420818
1.6432
1.6432
1.7385
1.84245