1.640102386474609375000000000000
0.430661618709564208984375000000
0.350178629159927368164062500000
1.071235179901123046875000000000
0.143528714776039123535156250000
0.021331744268536567687988281250
1.197828173637390136718750000000
0.728005349636077880859375000000
0.240854948759078979492187500000
0.678845405578613281250000000000
0.080454088747501373291015625000
0.834776222705841064453125000000
0.469822824001312255859375000000
0.174675166606903076171875000000
0.396785825490951538085937500000
0.396785825490951538085937500000
0.359897762537002563476562500000
0.141800194978713989257812500000
0.162253320217132568359375000000
0.295147657394409179687500000000
