0.040016144514083862304687500000
0.325214147567749023437500000000
0.054958816617727279663085937500
0.285198003053665161132812500000
0.670351028442382812500000000000
0.369254410266876220703125000000
0.670351028442382812500000000000
1.674780011177062988281250000000
0.423939108848571777343750000000
0.633280515670776367187500000000
0.775252997875213623046875000000
0.655749022960662841796875000000
0.775252997875213623046875000000
0.029970027506351470947265625000
0.263081073760986328125000000000
0.639600813388824462890625000000
0.672245025634765625000000000000
0.672245025634765625000000000000
0.035275869071483612060546875000
0.052798815071582794189453125000
0.046619974076747894287109375000
0.583229482173919677734375000000
0.348685801029205322265625000000
0.348685801029205322265625000000
0.133735999464988708496093750000
0.229181826114654541015625000000
0.133735999464988708496093750000
0.229181826114654541015625000000
0.095445819199085235595703125000
0.095445819199085235595703125000
0.002216004300862550735473632812
0.095445819199085235595703125000
0.000005841255187988281250000000
0.000005841255187988281250000000
0.000005841255187988281250000000
0.000005841255187988281250000000
0.000005841255187988281250000000
0.000005841255187988281250000000
0.000005841255187988281250000000
0.000005841255187988281250000000
