1.65316
1.04804
1.01082
1.01082
0.0372188
0.605127
2.23186
0.0134505
0.0134505
3.87158
3.5022
0.361576
0.361576
1.23486
1.59644
2.77322
1.66662
0.151197
0.151197
0.499897
0.651094
1.01553
0.35266
0.455488
0.204916
0.204916
0.250571
1.5638
2.35037
0.962725
1.02307
1.02307
1.09596
0.0594066
0.0594066
2.05963
3.21335
2.05485
0.260805
5.86495
2.44264
2.44264
3.42231
1.78309
0.757071
0.995365
0.995365
7.40974
8.37266
6.97173
0.746027
0.306163
0.306163
0.439864
1.56258
0.263869
0.01
0.01
0.263869
0.117781
0.21216
0.21216
0.139418
0.351578
0.030072
1.92696
4.66312
9.80603