0.671692430973052978515625000000
1.193301439285278320312500000000
0.425464659929275512695312500000
0.999136805534362792968750000000
0.902843058109283447265625000000
0.500226616859436035156250000000
0.520231485366821289062500000000
0.028483601287007331848144531250
0.062392469495534896850585937500
0.161246627569198608398437500000
0.383983552455902099609375000000
0.011046815663576126098632812500
0.704775869846343994140625000000
0.704775869846343994140625000000
0.331839084625244140625000000000
0.331839084625244140625000000000
0.329171001911163330078125000000
0.329171001911163330078125000000
