3.49209
2.03569
2.03569
0.725421
0.170126
0.170126
1.70959
0.92068
0.51535
0.51535
0.40533
0.959035
0.881396
0.73098
2.1677
0.775342
0.0490365
0.0490365
0.351189
0.400226
0.375117
4.09212
0.00103143
0.00103143
2.81212
0.510373
0.510373
0.965439
1.47581
1.33734
0.486649
1.7229
1.7229
1.57689
0.0423883
0.453571
0.140909
0.10304
0.0973491
0.0973491
0.00569101
0.0378686
0.312662
0.565987
0.0185591
0.0185591
0.168663
0.187222
0.832336
2.30751
1.25034
0.455175
0.455175
0.795162
1.63411
1.7064
0.316106
0.316106
1.03185
0.570749
0.570749
0.777209
0.358446
0.732089
2.43849
0.323809
1.46459
1.46459
1.29771
0.122145
0.442622
0.0151162
0.27065
3.61284
1.25462
0.791452
0.223015
0.01
0.01
0.223015
0.168342
0.391357
0.693966
1.08532
1.3715
0.633521
0.633521
1.8233
3.20209
0.000876674