2.76582
0.728134
0.0898313
0.0898313
0.0495437
0.139375
0.588759
2.03769
1.78578
1.86858
1.47281
0.69159
0.69159
0.781219
0.395772
1.58842
0.15177
0.116236
0.116236
0.0282516
0.144487
0.00728244
0.583328
0.735098
0.65701
1.39211
1.54262
0.146477
0.146477
1.51001
0.00670602
0.00670602
0.713218
0.476783
0.252076
0.101642
0.101642
0.150434
0.224707
0.243141
0.936562
0.650986
0.751602
0.487699
0.487699
0.0188547
0.506554
0.245048
1.55587
0.0825736
2.39005
0.544685
0.52227
1.0946
0.460102
4.58069
0.01
0.01
0.799528
0.799528
3.78117
0.431008
2.70622
0.723013
0.723013
6.99491
0.00645076
3.35032
3.35032
4.37405