0.01
0.01
3.53889
1.33014
1.33014
0.00934362
0.00571007
0.00571007
0.570819
0.576529
0.0692344
0.645763
0.693723
2.1994
1.94542
2.79249
2.79249
0.701959
0.224846
0.224846
1.36019
0.881342
0.881342
0.70369
1.1013
2.22269
1.59312
0.829122
0.790807
0.790807
0.0383154
0.763995
0.629577
0.186827
1.37506
0.18858
0.18858
1.18648
1.03446
0.276815
0.333243
3.01958
0.474873
1.98986
3.23998
0.638185
0.638185
2.80135
2.31859
0.0690041
0.0690041
0.297344
0.350547
0.153613
0.153613
0.196934
0.0158017
1.08169
0.267016
0.267016
1.18102
0.143474
1.27812
0.0505372
0.0505372
0.215801
0.266339
1.01178
0.313391
0.727078
1.12094
5.28475