0.107227534055709838867187500000
0.107227534055709838867187500000
0.022261306643486022949218750000
0.059923905879259109497070312500
0.022261306643486022949218750000
0.460378617048263549804687500000
0.064087986946105957031250000000
0.881803512573242187500000000000
0.201109007000923156738281250000
1.605796694755554199218750000000
0.249641269445419311523437500000
1.381936311721801757812500000000
1.037204146385192871093750000000
0.197663649916648864746093750000
1.432393908500671386718750000000
0.160536319017410278320312500000
0.459331899881362915039062500000
0.281235307455062866210937500000
0.017292585223913192749023437500
0.421808719635009765625000000000
0.185862585902214050292968750000
0.123893700540065765380859375000
0.534482836723327636718750000000
0.555078983306884765625000000000
0.647190511226654052734375000000
0.177071362733840942382812500000
0.042462084442377090454101562500
0.042462084442377090454101562500
0.891631007194519042968750000000
0.597607851028442382812500000000
0.503661990165710449218750000000
0.019904095679521560668945312500
0.503661990165710449218750000000
0.087991133332252502441406250000
0.370587170124053955078125000000
0.863845586776733398437500000000
0.501022100448608398437500000000
0.795758545398712158203125000000
0.596188545227050781250000000000
0.515044629573822021484375000000
0.479490041732788085937500000000
0.292762041091918945312500000000
0.450912326574325561523437500000
0.277103126049041748046875000000
0.349670857191085815429687500000
0.138418450951576232910156250000
0.141101449728012084960937500000
0.058639407157897949218750000000
0.132019445300102233886718750000
0.380087792873382568359375000000
0.145366728305816650390625000000
0.321448385715484619140625000000
0.294023185968399047851562500000
0.294023185968399047851562500000
0.283093482255935668945312500000
0.206843271851539611816406250000
0.161935538053512573242187500000
0.176081672310829162597656250000
0.173809185624122619628906250000
0.173809185624122619628906250000
0.066513210535049438476562500000
0.066513210535049438476562500000
