0.0737456
0.0737456
0.336319
0.354448
0.354448
0.0556172
1.90133
0.0755489
0.0755489
0.987851
0.562123
0.562123
0.501277
0.3023
1.3657
0.368264
0.23966
0.23966
1.03303
0.5717
0.5717
0.700996
0.461269
0.577432
2.04596
2.82279
0.124438
0.124438
0.220108
0.344546
2.47825
0.712987
0.01
0.01
0.744201
0.744201
1.65106
2.39526
1.14052
0.369832
0.0427172
0.036708
0.036708
0.00600919
0.15999
0.0119855
0.0119855
0.190722
3.21059
0.0371509
0.0371509
2.30606
0.0218497
0.0218497
0.898538
0.124795
0.124795
0.330012
0.0614804
0.0614804
0.393327
0.465581
1.42282
1.07009
0.492313
0.451743