2.02003
2.02003
0.55453
0.562733
0.562733
1.81443
0.955759
0.955759
1.4214
0.197404
1.02979
0.24934
0.24934
3.06257
1.50849
1.50849
0.843347
2.33493
2.33493
0.0169037
0.960077
0.292442
0.97407
0.646713
0.646713
2.98948
0.01
0.01
0.346707
0.346707
0.326359
0.673066
0.493064
0.0263259
0.0263259
0.058604
0.0849299
1.0812
2.47006
0.942235
0.369463
1.33503
1.33503
0.158805
0.207644
0.207644
0.615478
0.600455
0.600455
0.136363
0.47282
0.47282
0.263998
0.086304
0.670712
0.678777
1.94681
1.44159
1.44159
0.049659
1.49125
0.455568
0.225796
2.77528
0.0417541
0.221813
0.221813
3.22881
0.0561006
0.0561006
0.482759
0.53886
1.49393
2.03279
1.41783
1.53902