0.285392
0.285392
2.3266
2.61199
0.0525328
2.55639
0.363652
0.363652
0.238553
0.602204
0.868857
0.481714
0.0478476
0.0478476
0.433867
0.374394
0.856108
0.614954
1.08533
0.108139
3.0234
0.992433
0.882277
0.882277
0.110156
1.74896
2.7414
0.386248
1.02064
1.02064
0.690937
0.80362
0.80362
0.907956
1.41607
2.56028
1.29354
2.61893
0.211782
0.211782
0.934104
0.886555
0.886555
0.259332
1.47304
4.36254
0.126353
0.132882
0.132882
0.12003
0.22248
0.01
0.01
0.22248
0.0304322
6.27671
1.65496
0.330644
0.330644
1.32431
1.68671
0.338694
0.0210032
0.0210032
0.0232276
0.0442308
0.294463
2.2809
0.0585195
0.0585195
2.56108
0.722076
3.18795
0.578201
0.161957
0.891646
0.891646
0.533321
1.42497
1.35216
0.414809
0.414809
1.40346
1.81827
0.958857
3.94876
0.457539
0.457539
0.0641089
0.159354
0.159354
0.362294
0.27214
0.793788
5.9321
0.543891