49 1
49 2
50 49
50 3
52 50
51 4
51 5
52 51
60 52
59 6
58 7
53 8
53 9
55 53
54 10
54 11
55 54
57 55
56 12
56 13
57 56
58 57
59 58
60 59
82 60
61 14
61 15
62 61
62 16
75 62
64 17
63 18
63 19
64 63
65 64
65 20
67 65
66 21
66 22
67 66
70 67
68 23
68 24
69 68
69 25
70 69
74 70
71 26
71 27
72 71
72 28
73 72
73 29
74 73
75 74
77 75
76 30
76 31
77 76
81 77
80 32
79 33
78 34
78 35
79 78
80 79
81 80
82 81
95 82
83 36
83 37
94 83
93 38
89 39
88 40
84 41
84 42
86 84
85 43
85 44
86 85
87 86
87 45
88 87
89 88
92 89
90 46
90 47
91 90
91 48
92 91
93 92
94 93
95 94