0.546503
0.546503
0.563818
1.11032
0.842201
0.892525
0.892525
1.06
2.06086
2.46871
0.446255
0.0528987
0.0528987
0.131434
0.146033
0.146033
0.0382999
0.197144
0.365773
0.365773
0.0157037
0.0647784
2.02245
1.54467
1.94596
0.635648
0.635648
0.631847
1.26749
0.514721
0.0914508
0.0655657
0.0655657
0.0258851
0.118719
0.21017
0.190136
0.29939
0.29939
0.100916
0.264985
0.415427
0.415427
0.196934
0.612361
0.0529313
0.557731
0.100364
0.100364
0.327869
0.428233
0.0972795
0.525513
0.69751
0.559193
0.156647
0.944871
0.944871
0.993992
0.419871
2.23379
1.67343
0.53549
0.53549
1.13794
0.560356
0.124947
3.6006
0.160039
0.01
0.01
6.06956
5.86887
4.24559
1.74828
0.558182
0.558182
0.220108
0.218039
0.218039
0.56025
0.359101
1.13739
0.610888
2.49731
0.180157
0.0722926
0.0722926
1.64847
1.72076
2.70499
1.44312
0.200683
0.0498195