0.519343376159667968750000000000
0.279097825288772583007812500000
0.222527131438255310058593750000
0.671373188495635986328125000000
0.033208567649126052856445312500
0.203828454017639160156250000000
0.124296911060810089111328125000
0.431127607822418212890625000000
0.415637493133544921875000000000
0.415637493133544921875000000000
0.306830704212188720703125000000
0.306830704212188720703125000000
0.245017603039741516113281250000
0.066291064023971557617187500000
0.178726539015769958496093750000
0.043856490403413772583007812500
0.130729988217353820800781250000
0.198921337723731994628906250000
1.049528956413269042968750000000
0.506552815437316894531250000000
0.790532469749450683593750000000
0.582238018512725830078125000000
1.049528956413269042968750000000
0.037654425948858261108398437500
0.989961385726928710937500000000
0.575691759586334228515625000000
0.689999401569366455078125000000
0.325519919395446777343750000000
1.049528956413269042968750000000
0.452469170093536376953125000000
1.049528956413269042968750000000
0.582238018512725830078125000000
0.918799102306365966796875000000
0.918799102306365966796875000000
0.129768908023834228515625000000
0.129768908023834228515625000000
0.075685232877731323242187500000
0.075685232877731323242187500000
0.467291057109832763671875000000
0.304916948080062866210937500000
0.368804097175598144531250000000
0.377557009458541870117187500000
0.240569427609443664550781250000
0.370721817016601562500000000000
0.467291057109832763671875000000
0.345861554145812988281250000000
0.029396668076515197753906250000
0.377557009458541870117187500000
0.467291057109832763671875000000
0.377557009458541870117187500000
0.437894344329833984375000000000
0.078743785619735717773437500000
0.359529614448547363281250000000
0.359529614448547363281250000000
0.359150558710098266601562500000
0.359150558710098266601562500000
0.258996605873107910156250000000
0.258996605873107910156250000000
0.226721614599227905273437500000
0.226721614599227905273437500000
0.072640046477317810058593750000
0.072640046477317810058593750000
0.031695447862148284912109375000
0.031695447862148284912109375000
0.089734040200710296630859375000
0.083901792764663696289062500000
0.089734040200710296630859375000
0.089734040200710296630859375000
0.089734040200710296630859375000
0.083901792764663696289062500000
0.089734040200710296630859375000
0.083901792764663696289062500000
0.089734040200710296630859375000
0.083901792764663696289062500000
0.089734040200710296630859375000
0.083901792764663696289062500000
0.089734040200710296630859375000
0.083901792764663696289062500000
0.059567645192146301269531250000
0.059567645192146301269531250000
0.005832247436046600341796875000
0.005832247436046600341796875000
0.005832247436046600341796875000
0.005832247436046600341796875000
0.005832247436046600341796875000
0.005832247436046600341796875000
0.005832247436046600341796875000
0.005832247436046600341796875000
0.005832247436046600341796875000
0.005832247436046600341796875000
0.005832247436046600341796875000
0.005832247436046600341796875000
0.000000000000000000000000000000
0.000000000000000000000000000000
0.000000000000000000000000000000
0.000000000000000000000000000000
0.000000000000000000000000000000
0.000000000000000000000000000000
0.000000000000000000000000000000
0.000000000000000000000000000000
0.000000000000000000000000000000
0.000000000000000000000000000000
0.000000000000000000000000000000
0.000000000000000000000000000000
0.000000000000000000000000000000
0.000000000000000000000000000000
0.000000000000000000000000000000
0.000000000000000000000000000000
0.000000000000000000000000000000
0.000000000000000000000000000000
0.000000000000000000000000000000
0.000000000000000000000000000000
0.000000000000000000000000000000
0.000000000000000000000000000000
0.000000000000000000000000000000
0.000000000000000000000000000000
