6.9893
0.339024
0.339024
0.970263
0.740085
0.740085
0.569201
0.719972
0.782915
0.782915
0.658948
1.44186
0.587395
2.23667
2.50607
2.50607
1.75986
2.72336
3.9876
1.32387
0.999343
0.530189
0.0549436
0.0549436
0.475245
0.469154
0.281199
0.116302
0.116302
1.16424
0.043331
1.50033
0.01
0.01
0.680343
0.680343
0.963087
0.62564
0.62564
1.01779
1.18077
8.15269
6.14802
0.261822
0.261822
0.408014
0.0519739
0.0519739
0.617861
0.075716
0.180547
0.00624361
0.00624361
0.174303
0.565005
0.081478
0.546479
0.546479
0.280551
16.2979