0.004834192339330911636352539062
1.999999880790710449218750000000
0.179900512099266052246093750000
0.889479815959930419921875000000
0.706060886383056640625000000000
0.481308817863464355468750000000
0.292259454727172851562500000000
0.800896644592285156250000000000
0.177982330322265625000000000000
1.105685710906982421875000000000
0.125771224498748779296875000000
1.041696786880493164062500000000
0.499418944120407104492187500000
0.927703380584716796875000000000
0.619685292243957519531250000000
0.444922417402267456054687500000
0.533059477806091308593750000000
0.533059477806091308593750000000
