0.741440832614898681640625000000
0.331243306398391723632812500000
0.922986745834350585937500000000
1.072560787200927734375000000000
0.090613126754760742187500000000
0.857019603252410888671875000000
0.309911876916885375976562500000
0.294599115848541259765625000000
0.358488261699676513671875000000
0.475493878126144409179687500000
0.451170891523361206054687500000
0.451170891523361206054687500000
0.115031123161315917968750000000
0.251639157533645629882812500000
0.237707734107971191406250000000
0.008685838431119918823242187500
0.229021906852722167968750000000
0.229021906852722167968750000000
0.184219002723693847656250000000
0.063516899943351745605468750000
0.120702095329761505126953125000
0.120702095329761505126953125000
0.069437474012374877929687500000
0.120702095329761505126953125000
0.000000000000000000000000000000
0.000000000000000000000000000000
0.000000000000000000000000000000
0.000000000000000000000000000000
