2.24549
2.24549
1.03568
1.34427
0.42504
0.42504
0.919228
1.9369
1.4498
0.119388
0.119388
0.0457837
0.165171
0.958531
1.08227
0.244468
0.244468
0.837797
0.0414371
2.42374
0.358266
0.358266
2.59788
2.95615
0.591291
0.889591
0.0362963
0.0362963
1.24584
1.28214
1.56742
0.304169
0.304169
2.54539
0.833407
3.68297
0.754062
0.293937
1.37988
0.01
0.01
1.00304
0.98872
0.98872
0.0143205
2.071
3.07404
1.00614
0.343602
0.328065
0.328065
0.0155372
2.06645
2.41005
0.738447
0.944975
0.0396334
0.0396334
0.905342
2.20352
0.931681
2.03067