0.803521
0.803521
2.93871
0.423447
0.423447
3.31879
0.937236
1.03804
0.126885
0.126885
0.522248
0.649134
0.388902
1.28189
0.0549773
0.0549773
2.26495
2.34626
0.253049
0.253049
0.0043817
0.0740241
0.0740241
0.183407
1.57321
1.83064
1.38893
0.490495
0.0253307
0.0253307
0.465165
2.3019
1.67432
0.0498018
0.0498018
1.62452
1.09107
2.76539
0.0270082
0.427175
0.763825
1.70836
0.277631
0.277631
1.43073
0.17055
1.87891
2.10449
0.682789
0.0132868
2.92935
0.176408
0.176408
0.246326
0.422734
3.37372
2.38872
0.604073
0.604073
0.46396
1.06803
1.32069
1.40773
2.09533
0.440336
0.166572
0.01
0.01
0.166572
0.273764
5.45145
1.71704