0.172579959034919738769531250000
0.172579959034919738769531250000
1.827420234680175781250000000000
0.240017995238304138183593750000
0.084043204784393310546875000000
0.240017995238304138183593750000
0.093576908111572265625000000000
0.474120974540710449218750000000
0.520825982093811035156250000000
0.474120974540710449218750000000
0.427249044179916381835937500000
0.243222594261169433593750000000
0.184026464819908142089843750000
0.184026464819908142089843750000
0.683669328689575195312500000000
1.113281011581420898437500000000
0.404071539640426635742187500000
1.019264221191406250000000000000
0.297022163867950439453125000000
0.176775991916656494140625000000
0.102788016200065612792968750000
0.176775991916656494140625000000
0.333737850189208984375000000000
0.087882071733474731445312500000
0.649176955223083496093750000000
0.030082270503044128417968750000
0.146693736314773559570312500000
0.146693736314773559570312500000
0.088893927633762359619140625000
0.027219541370868682861328125000
0.104992009699344635009765625000
0.400530695915222167968750000000
0.068620122969150543212890625000
0.574127674102783203125000000000
0.104992009699344635009765625000
0.347669810056686401367187500000
0.116109013557434082031250000000
0.018039306625723838806152343750
0.104992009699344635009765625000
0.206150233745574951171875000000
0.152319118380546569824218750000
0.011117000132799148559570312500
0.784808099269866943359375000000
0.011117000132799148559570312500
0.706747770309448242187500000000
0.011117000132799148559570312500
0.386238992214202880859375000000
0.649336040019989013671875000000
0.386238992214202880859375000000
0.521122694015502929687500000000
0.386238992214202880859375000000
0.649336040019989013671875000000
0.386238992214202880859375000000
0.649336040019989013671875000000
0.352154850959777832031250000000
0.352154850959777832031250000000
0.137542113661766052246093750000
0.585344910621643066406250000000
0.542130231857299804687500000000
0.542130231857299804687500000000
0.019367653876543045043945312500
0.417399048805236816406250000000
0.417399048805236816406250000000
0.417399048805236816406250000000
0.417399048805236816406250000000
0.417399048805236816406250000000
0.179626315832138061523437500000
0.398031413555145263671875000000
0.387452065944671630859375000000
0.140273645520210266113281250000
0.269915968179702758789062500000
0.387452065944671630859375000000
0.324674665927886962890625000000
0.387452065944671630859375000000
0.218499571084976196289062500000
0.387452065944671630859375000000
0.218405097723007202148437500000
0.218405097723007202148437500000
0.124355085194110870361328125000
0.124355085194110870361328125000
0.124355085194110870361328125000
0.124355085194110870361328125000
0.124355085194110870361328125000
0.124355085194110870361328125000
0.098304897546768188476562500000
0.098304897546768188476562500000
0.094016864895820617675781250000
0.094016864895820617675781250000
0.078060314059257507324218750000
0.078060314059257507324218750000
0.062777407467365264892578125000
0.062777407467365264892578125000
