47 1
47 2
48 47
48 3
50 48
49 4
49 5
50 49
61 50
51 6
51 7
57 51
53 8
52 9
52 10
53 52
54 53
54 11
56 54
55 12
55 13
56 55
57 56
60 57
58 14
58 15
59 58
59 16
60 59
61 60
69 61
68 17
65 18
64 19
63 20
62 21
62 22
63 62
64 63
65 64
67 65
66 23
66 24
67 66
68 67
69 68
85 69
71 25
70 26
70 27
71 70
78 71
72 28
72 29
75 72
73 30
73 31
74 73
74 32
75 74
77 75
76 33
76 34
77 76
78 77
84 78
83 35
79 36
79 37
80 79
80 38
81 80
81 39
82 81
82 40
83 82
84 83
85 84
91 85
86 41
86 42
89 86
88 43
87 44
87 45
88 87
89 88
90 89
90 46
91 90