0.156947
0.156947
0.115482
0.272429
0.0741892
0.346618
1.71556
1.09097
0.712783
0.0945913
0.0945913
0.618192
0.378184
0.0682589
0.285721
0.285721
0.115104
0.400825
0.758402
0.902953
0.590765
1.62229
0.261816
0.261816
1.18157
1.44339
0.178899
1.03066
0.410885
3.06383
0.0752927
1.78279
0.19263
0.19263
0.907914
0.01
0.01
1.10054
0.682242
0.489492
1.83114
1.13699
0.834424
0.112403
0.112403
0.372886
0.485289
0.349135
0.302566
0.694152
0.239688
0.243115
0.243115
1.82771
0.0337314
1.13915
0.619771
0.20521
0.20521
0.414561
0.064712
0.684483
0.454663
0.965415
0.167718
0.861579
1.23368
1.23368
0.167511
1.40119
1.73267
0.00526445
0.247854
3.38698
0.749605
0.175486
0.175486
0.792012
0.967498
3.16908