0.214783772826194763183593750000
0.499691367149353027343750000000
0.243078887462615966796875000000
0.361955314874649047851562500000
0.502809405326843261718750000000
0.118051327764987945556640625000
0.594643652439117431640625000000
0.699749886989593505859375000000
0.177749097347259521484375000000
0.250373542308807373046875000000
0.467704117298126220703125000000
0.241762027144432067871093750000
0.259201258420944213867187500000
0.544534683227539062500000000000
0.294025599956512451171875000000
0.060133617371320724487304687500
0.439428389072418212890625000000
0.282003998756408691406250000000
0.335924655199050903320312500000
0.304915100336074829101562500000
