0.031493578106164932250976562500
0.963081479072570800781250000000
0.448640465736389160156250000000
0.254617989063262939453125000000
0.552869081497192382812500000000
0.518762409687042236328125000000
0.605794489383697509765625000000
0.832958579063415527343750000000
0.242284044623374938964843750000
0.239852398633956909179687500000
0.865386724472045898437500000000
0.281936049461364746093750000000
0.152468875050544738769531250000
0.379031658172607421875000000000
0.942764639854431152343750000000
0.293203383684158325195312500000
0.385907173156738281250000000000
0.527327954769134521484375000000
0.649561285972595214843750000000
0.649561285972595214843750000000
0.566164672374725341796875000000
0.566164672374725341796875000000
0.012596894055604934692382812500
0.265399485826492309570312500000
0.252802610397338867187500000000
0.252802610397338867187500000000
0.088278219103813171386718750000
0.161454558372497558593750000000
0.073176339268684387207031250000
0.073176339268684387207031250000
0.010077103041112422943115234375
0.009559690020978450775146484375
0.010077300481498241424560546875
0.010077103041112422943115234375
0.010077103041112422943115234375
0.010077103041112422943115234375
0.010077103041112422943115234375
0.010077300481498241424560546875
0.010077103041112422943115234375
0.010077103041112422943115234375
0.010077103041112422943115234375
0.010077103041112422943115234375
0.010077103041112422943115234375
0.010077103041112422943115234375
0.010077103041112422943115234375
0.010077103041112422943115234375
0.010077103041112422943115234375
0.010077103041112422943115234375
0.010077103041112422943115234375
0.010077103041112422943115234375
0.010077103041112422943115234375
0.010077103041112422943115234375
0.000517610460519790649414062500
0.000517413020133972167968750000
0.000000197440385818481445312500
0.000000197440385818481445312500
0.000000197440385818481445312500
0.000000197440385818481445312500
0.000000197440385818481445312500
0.000000197440385818481445312500
0.000000197440385818481445312500
0.000000197440385818481445312500
0.000000197440385818481445312500
0.000000197440385818481445312500
0.000000197440385818481445312500
0.000000197440385818481445312500
0.000000197440385818481445312500
0.000000197440385818481445312500
0.000000197440385818481445312500
0.000000197440385818481445312500
0.000000197440385818481445312500
0.000000197440385818481445312500
0.000000197440385818481445312500
0.000000197440385818481445312500
0.000000197440385818481445312500
0.000000197440385818481445312500
0.000000197440385818481445312500
0.000000197440385818481445312500
0.000000197440385818481445312500
0.000000197440385818481445312500
0.000000197440385818481445312500
0.000000197440385818481445312500
0.000000197440385818481445312500
0.000000197440385818481445312500
0.000000197440385818481445312500
0.000000197440385818481445312500
0.000000197440385818481445312500
0.000000197440385818481445312500
0.000000197440385818481445312500
0.000000197440385818481445312500
0.000000197440385818481445312500
0.000000197440385818481445312500
0.000000197440385818481445312500
0.000000197440385818481445312500
