51 1
50 2
49 3
49 4
50 49
51 50
61 51
60 5
52 6
52 7
59 52
56 8
55 9
53 10
53 11
54 53
54 12
55 54
56 55
58 56
57 13
57 14
58 57
59 58
60 59
61 60
86 61
62 15
62 16
65 62
63 17
63 18
64 63
64 19
65 64
73 65
72 20
71 21
66 22
66 23
67 66
67 24
70 67
68 25
68 26
69 68
69 27
70 69
71 70
72 71
73 72
85 73
75 28
74 29
74 30
75 74
84 75
76 31
76 32
83 76
77 33
77 34
82 77
80 35
79 36
78 37
78 38
79 78
80 79
81 80
81 39
82 81
83 82
84 83
85 84
86 85
95 86
88 40
87 41
87 42
88 87
94 88
90 43
89 44
89 45
90 89
93 90
92 46
91 47
91 48
92 91
93 92
94 93
95 94