2.74089
1.40009
0.455191
0.455191
0.944895
1.34081
2.25106
3.79731
0.823735
0.823735
1.19144
0.642096
0.620158
0.297594
0.297594
0.268484
0.566078
0.0540801
0.0219386
0.577359
0.210075
0.210075
1.00938
0.795716
1.78214
1.19465
2.05031
0.973585
0.973585
2.40422
0.448856
0.448856
0.676109
1.12497
2.25284
1.28595
4.2595
3.25284
0.01
0.01
1.95161
1.95161
0.0774535
0.205965
0.205965
0.0474238
0.253389
1.77568
1.22377
1.00666
0.404249
2.22948
2.25941
0.574148
0.574148
1.68527
2.41631
1.98883
1.98883
0.603329
0.198076
0.198076
2.28334
1.04728
0.269116
0.166557
0.166557
0.102559
0.77816
1.36852
2.41579
0.0656284
0.110741
2.08357
2.21751
0.149036
4.86499
0.0876475
0.0158717
0.0158717
0.0717758
3.38166
1.9524
0.463629
0.463629
1.48877
0.0210897
0.480673
0.304875
0.304875
0.175799
1.49281
1.49582
8.43795