"","x"
"Cospeciations",32
"Host_Speciations",10
"Host_Extinctions",5
"Symbiont_Speciations",10
"Symbiont_Extinctions",17
"Host_Spread/Switches",NA
"Dispersals",NA
"Extirpations",NA
"Parafit_Stat",123.977496207412
"Parafit_P-value",0.01
