49 1
49 2
55 49
52 3
50 4
50 5
51 50
51 6
52 51
54 52
53 7
53 8
54 53
55 54
60 55
56 9
56 10
59 56
58 11
57 12
57 13
58 57
59 58
60 59
92 60
61 14
61 15
91 61
75 16
64 17
63 18
62 19
62 20
63 62
64 63
66 64
65 21
65 22
66 65
74 66
72 23
67 24
67 25
70 67
69 26
68 27
68 28
69 68
70 69
71 70
71 29
72 71
73 72
73 30
74 73
75 74
90 75
89 31
76 32
76 33
78 76
77 34
77 35
78 77
80 78
79 36
79 37
80 79
88 80
83 38
81 39
81 40
82 81
82 41
83 82
87 83
84 42
84 43
85 84
85 44
86 85
86 45
87 86
88 87
89 88
90 89
91 90
92 91
94 92
93 46
93 47
94 93
95 94
95 48