0.112853
0.112853
1.20899
1.02786
1.02786
0.293987
2.37783
3.69968
0.964676
0.01
0.01
0.21242
0.21242
2.54942
0.86546
0.0646297
0.0646297
0.80083
0.0244178
0.889877
1.326
1.57906
1.21496
1.21496
0.364103
0.476242
0.154591
0.154591
1.90071
0.160579
0.187158
0.229564
0.229564
2.17347
0.358802
0.504076
0.883444
0.394218
0.394218
0.489226
2.38247
0.0354833
0.161291
0.161291
0.870867
0.305761
0.305761
0.212297
0.0520365
0.0520365
0.294884
0.346921
0.171137
0.514099
0.225565
0.0312241
0.0312241
1.2265
2.04368
1.36295