1.244772434234619140625000000000
0.269811034202575683593750000000
0.895473480224609375000000000000
0.261229962110519409179687500000
0.679682135581970214843750000000
0.424558162689208984375000000000
0.383311569690704345703125000000
0.410157233476638793945312500000
0.004532011691480875015258789062
0.026845673099160194396972656250
0.022313661873340606689453125000
0.022313661873340606689453125000
0.000000000000000000000000000000
0.000000000000000000000000000000
0.000000000000000000000000000000
0.000000000000000000000000000000
0.000000000000000000000000000000
0.000000000000000000000000000000
