0.971047282218933105468750000000
0.852763533592224121093750000000
0.224481999874114990234375000000
0.153894931077957153320312500000
0.238174140453338623046875000000
0.728334665298461914062500000000
0.763649225234985351562500000000
0.583119511604309082031250000000
0.561086237430572509765625000000
0.119227521121501922607421875000
0.617119729518890380859375000000
0.671550691127777099609375000000
0.229691982269287109375000000000
0.008760689757764339447021484375
0.175261005759239196777343750000
0.008760689757764339447021484375
0.220931768417358398437500000000
0.220931768417358398437500000000
0.220931768417358398437500000000
0.220931768417358398437500000000
0.054430976510047912597656250000
0.054431453347206115722656250000
0.054431453347206115722656250000
0.006605800706893205642700195312
0.000000000000000000000000000000
0.000000476837158203125000000000
0.000000476837158203125000000000
0.000000476837158203125000000000
0.000000000000000000000000000000
0.000000476837158203125000000000
0.000000476837158203125000000000
0.000000476837158203125000000000
0.000000476837158203125000000000
0.000000476837158203125000000000
