0.544084
0.544084
0.173333
0.321957
0.223442
0.223442
0.0985146
0.335126
0.635063
0.300708
0.300708
0.334355
0.0220195
0.0544669
0.0590367
0.0590367
0.652513
0.00586773
2.70987
3.42728
2.48499
2.96539
2.96539
0.411483
0.452779
0.452779
0.104062
0.0224072
0.0224072
0.534433
2.82003
0.773965
0.828879
0.828879
3.32196
1.50458
2.02929
0.546308
0.546308
0.0838727
0.630181
0.410813
1.04099
0.102791
1.14379
0.49514
1.63893
0.390366
0.299855
0.01
0.01
0.00351013
0.00351013
2.32564
3.32627
0.256857
0.72529
1.62038
0.838787
0.838787
0.716107
1.55489
0.0654885
1.7404
3.36078
1.87991
5.24069
1.39687