5.96493
1.08367
0.253393
0.253393
0.484983
0.738375
0.345297
2.28417
1.43082
1.43082
0.966632
1.282
0.0110954
0.0110954
1.27091
0.0791883
1.35894
0.93321
0.93321
0.0242099
0.95742
0.401518
0.00225292
0.0666443
1.42784
0.96962
0.970391
1.3647
4.73255
1.23239
2.87635
5.6653
1.37601
0.251276
0.212188
0.212188
0.0390879
0.342904
0.59418
0.324287
0.564763
0.01
0.01
0.47368
0.0193152
0.0193152
0.126525
0.14584
0.327841
0.0910826
0.353703
0.457539
1.65021
0.976828
0.976828
0.253428
1.23026
0.387813
1.3658
0.957525
0.430718
0.430718
0.526807
0.408277
0.252267
1.40814
2.63909
1.75105
2.99681
0.0359319
0.0359319
1.35021
1.38614
1.53458
0.759053
0.0911583
0.0911583
0.667895
2.16167
0.0760831
0.169038
0.321573
0.321573
2.84427
4.25051
1.42493