59 1
47 2
45 3
45 4
46 45
46 5
47 46
57 47
48 6
48 7
56 48
50 8
49 9
49 10
50 49
54 50
53 11
51 12
51 13
52 51
52 14
53 52
54 53
55 54
55 15
56 55
57 56
58 57
58 16
59 58
87 59
77 17
69 18
61 19
60 20
60 21
61 60
62 61
62 22
68 62
67 23
63 24
63 25
66 63
64 26
64 27
65 64
65 28
66 65
67 66
68 67
69 68
76 69
70 29
70 30
71 70
71 31
75 71
74 32
73 33
72 34
72 35
73 72
74 73
75 74
76 75
77 76
86 77
83 36
78 37
78 38
79 78
79 39
82 79
81 40
80 41
80 42
81 80
82 81
83 82
85 83
84 43
84 44
85 84
86 85
87 86