0.011414
0.011414
0.196612
0.0519028
0.0519028
0.156124
2.57777
0.201645
0.201645
1.9502
2.15185
0.633946
1.93168
4.71747
18.6708
0.0682027
0.0682027
0.303229
0.371431
1.21423
1.58566
5.90414
0.312972
0.312972
0.107747
0.360898
0.360898
0.0598208
5.08339
0.327855
0.0705161
0.0705161
0.257339
0.0130295
0.340885
3.47063
0.825157
0.219975
0.219975
0.605182
2.98635
1.6926
1.98569
0.163543
4.48082
3.15234
3.15234
1.32848
3.17252
5.35885
1.12061
1.12061
1.06167
0.0769645
0.0769645
0.825477
0.902442
1.27984
1.33008
0.203189
0.203189
0.759139
0.633679
0.221472
0.221472
0.412207
0.328648
0.950988
0.721262
0.721262
1.19205
0.524221
2.43754
1.07482
5.69419
0.01
0.01
0.926797
0.926797
8.27975
3.80564
10.3761