0.698308706283569335937500000000
0.830895066261291503906250000000
0.216520249843597412109375000000
0.803684949874877929687500000000
0.329572856426239013671875000000
0.523606717586517333984375000000
1.085170984268188476562500000000
0.061659865081310272216796875000
0.129502519965171813964843750000
1.023511290550231933593750000000
0.382129490375518798828125000000
0.854346215724945068359375000000
0.607918858528137207031250000000
0.458285480737686157226562500000
0.645498216152191162109375000000
0.645498216152191162109375000000
0.511879265308380126953125000000
0.511879265308380126953125000000
0.084211908280849456787109375000
0.498006463050842285156250000000
0.220586746931076049804687500000
0.381246596574783325195312500000
0.028049603104591369628906250000
0.160659849643707275390625000000
0.001407373580150306224822998047
0.132610231637954711914062500000
0.131202861666679382324218750000
0.131202861666679382324218750000
0.039662532508373260498046875000
0.039662532508373260498046875000
0.000000000000000000000000000000
0.000000000000000000000000000000
