47 1
47 2
49 47
48 3
48 4
49 48
51 49
50 5
50 6
51 50
64 51
54 7
52 8
52 9
53 52
53 10
54 53
59 54
55 11
55 12
58 55
57 13
56 14
56 15
57 56
58 57
59 58
63 59
60 16
60 17
62 60
61 18
61 19
62 61
63 62
64 63
86 64
66 20
65 21
65 22
66 65
67 66
67 23
70 67
68 24
68 25
69 68
69 26
70 69
85 70
71 27
71 28
77 71
72 29
72 30
76 72
73 31
73 32
75 73
74 33
74 34
75 74
76 75
77 76
84 77
83 35
78 36
78 37
82 78
80 38
79 39
79 40
80 79
81 80
81 41
82 81
83 82
84 83
85 84
86 85
91 86
90 42
89 43
88 44
87 45
87 46
88 87
89 88
90 89
91 90