48 1
48 2
52 48
49 3
49 4
51 49
50 5
50 6
51 50
52 51
55 52
54 7
53 8
53 9
54 53
55 54
56 55
56 10
58 56
57 11
57 12
58 57
93 58
62 13
59 14
59 15
61 59
60 16
60 17
61 60
62 61
92 62
63 18
63 19
65 63
64 20
64 21
65 64
72 65
66 22
66 23
67 66
67 24
71 67
70 25
68 26
68 27
69 68
69 28
70 69
71 70
72 71
74 72
73 29
73 30
74 73
78 74
77 31
75 32
75 33
76 75
76 34
77 76
78 77
81 78
80 35
79 36
79 37
80 79
81 80
91 81
82 38
82 39
89 82
88 40
83 41
83 42
87 83
86 43
85 44
84 45
84 46
85 84
86 85
87 86
88 87
89 88
90 89
90 47
91 90
92 91
93 92