0.20368
0.0175497
0.0175497
0.18613
4.37476
4.37599
4.37599
0.202445
0.974778
2.22361
1.35381
1.35381
0.287759
0.631738
0.631738
0.402948
0.626912
0.00786405
0.00786405
0.619048
0.287778
0.240508
0.240508
0.387315
0.215569
0.105299
0.105299
0.11027
0.412254
0.286868
0.119994
0.606882
0.582042
0.0339172
0.809828
0.809828
0.14154
0.951368
0.63612
0.658124
0.01
0.01
0.478545
0.478545
0.136861
0.615406
0.0269294
0.220773
0.220773
0.421563
0.0157889
0.929364
0.670038
3.29569
0.232642
4.88552
0.258666
0.258666
0.277145
0.53581
0.220229
0.75604
4.12948
0.102315
0.351412
0.342733
0.342733
0.00867895
3.81102
0.524221
0.524221
1.13797
0.186079
0.186079
1.47611
2.50024
0.825404
0.798021