49 1
49 2
50 49
50 3
59 50
58 4
51 5
51 6
55 51
52 7
52 8
53 52
53 9
54 53
54 10
55 54
57 55
56 11
56 12
57 56
58 57
59 58
62 59
60 13
60 14
61 60
61 15
62 61
66 62
64 16
63 17
63 18
64 63
65 64
65 19
66 65
72 66
71 20
67 21
67 22
68 67
68 23
70 68
69 24
69 25
70 69
71 70
72 71
95 72
73 26
73 27
75 73
74 28
74 29
75 74
76 75
76 30
78 76
77 31
77 32
78 77
94 78
79 33
79 34
80 79
80 35
85 80
81 36
81 37
84 81
82 38
82 39
83 82
83 40
84 83
85 84
93 85
86 41
86 42
92 86
87 43
87 44
90 87
89 45
88 46
88 47
89 88
90 89
91 90
91 48
92 91
93 92
94 93
95 94