0.388832
0.388832
0.201395
0.590227
1.63363
1.74619
0.443555
0.443555
0.0817178
0.01
0.01
0.118448
0.118448
0.381954
0.500402
0.0248709
0.143209
0.15333
0.15333
0.515151
1.07771
0.477673
0.440112
1.12531
1.12531
0.345135
1.47044
1.19353
0.308931
0.370362
0.355858
0.355858
0.0145041
1.28022
1.65058
1.32232
1.26726
4.15771
0.334036
0.334036
1.04347
1.3775
0.396712
1.26643
1.26643
0.50778
2.3835
0.0824523
2.79169
0.624151
0.624151
0.881498
0.373554
0.373554
1.1321
0.227361
1.73301
0.993704
0.00561738
0.00561738
2.7211
1.96544
0.746428
0.746428
1.01555
1.76198
0.0682572
0.447928
0.447928
0.275399
0.0043413
0.0043413
0.171827
0.176168
0.547159
1.10691
0.9304
0.506915
0.506915
1.66896
0.371967
0.371967
0.231868
0.43681
0.0256716
0.0256716
0.411139
0.167025
1.13491
1.73874
0.437133
0.584763
1.93151
2.33971