0.324788868427276611328125000000
0.428639471530914306640625000000
0.904579937458038330078125000000
1.382617950439453125000000000000
0.544816076755523681640625000000
0.660979509353637695312500000000
0.547630906105041503906250000000
0.027297031134366989135742187500
0.999247670173645019531250000000
0.317927062511444091796875000000
0.132682710886001586914062500000
0.165123313665390014648437500000
0.770631432533264160156250000000
0.623453915119171142578125000000
0.147177517414093017578125000000
0.147177517414093017578125000000
