50 1
50 2
51 50
51 3
52 51
52 4
56 52
53 5
53 6
55 53
54 7
54 8
55 54
56 55
57 56
57 9
77 57
58 10
58 11
59 58
59 12
60 59
60 13
61 60
61 14
76 61
62 15
62 16
75 62
63 17
63 18
74 63
65 19
64 20
64 21
65 64
68 65
66 22
66 23
67 66
67 24
68 67
70 68
69 25
69 26
70 69
73 70
71 27
71 28
72 71
72 29
73 72
74 73
75 74
76 75
77 76
97 77
78 30
78 31
79 78
79 32
81 79
80 33
80 34
81 80
82 81
82 35
90 82
84 36
83 37
83 38
84 83
86 84
85 39
85 40
86 85
89 86
87 41
87 42
88 87
88 43
89 88
90 89
93 90
91 44
91 45
92 91
92 46
93 92
96 93
94 47
94 48
95 94
95 49
96 95
97 96