0.990643
0.990643
2.86407
3.06142
0.939468
0.939468
0.11575
0.512001
0.251703
0.251703
0.260297
0.543217
0.298347
0.419513
0.01
0.01
0.00559624
0.00559624
0.413917
0.597858
1.01737
0.336194
1.70785
0.79329
2.38086
1.46178
1.46178
0.518388
1.98017
0.955285
0.319646
0.242032
0.242032
0.0776132
2.61581
1.56382
2.28261
1.74006
1.74006
0.0590925
0.0662056
0.0662056
0.179691
0.245897
0.198005
0.443902
1.35525
0.48346
1.39167
3.61888
3.61888
0.0554013
0.626853
0.398124
0.398124
0.444171
0.842296
1.4422
2.2564
0.853017
0.853017
1.40338
0.0281012
2.01664
0.198142
1.7363