0.483437120914459228515625000000
0.544079363346099853515625000000
0.242690712213516235351562500000
0.734575092792510986328125000000
0.312710493803024291992187500000
0.412109524011611938476562500000
0.408634006977081298828125000000
0.167180061340332031250000000000
0.264652967453002929687500000000
0.032697375863790512084960937500
0.196871936321258544921875000000
0.241454958915710449218750000000
0.044582009315490722656250000000
0.044583022594451904296875000000
0.044583022594451904296875000000
0.044583022594451904296875000000
0.000001013278961181640625000000
0.000001013278961181640625000000
0.000000000000000000000000000000
0.000001013278961181640625000000
0.000001013278961181640625000000
0.000001013278961181640625000000
