0.3654
0.3654
0.922554
1.10937
0.01
0.01
1.10937
0.178579
0.0273356
0.00724693
0.00724693
0.698629
0.705876
0.0167317
0.468397
0.468397
0.254211
0.592681
0.831709
2.147
1.21447
0.185782
0.185782
0.97412
0.133845
0.133845
0.168556
0.0219594
0.0219594
0.112829
0.134788
0.00165276
0.136441
0.16596
0.0146841
0.317085
0.842817
2.20157
2.83895
6.20042
0.135011
0.116435
0.116435
0.321579
0.0947361
0.0947361
0.343278
3.45963
0.706113
0.0895464
0.0895464
0.442932
0.532478
0.173634
0.86138
1.56749
0.541786
0.381665
0.174267
0.174267
0.182791
0.357058
0.0246064
1.72761
1.78836
2.43779