1.289322137832641601562500000000
0.698391556739807128906250000000
0.588885009288787841796875000000
1.010033130645751953125000000000
0.712723553180694580078125000000
0.200330093502998352050781250000
0.074442580342292785644531250000
0.179236859083175659179687500000
0.636235415935516357421875000000
0.374823451042175292968750000000
0.250981479883193969726562500000
0.461538136005401611328125000000
0.030550438910722732543945312500
0.143048435449600219726562500000
0.261411935091018676757812500000
0.261411935091018676757812500000
0.118363492190837860107421875000
0.118363492190837860107421875000
0.000000000000000000000000000000
0.000000000000000000000000000000
