0.326394
0.326394
2.56224
2.88864
1.92369
1.31077
1.31077
0.328371
1.63914
0.163923
0.54647
0.54647
1.25659
0.338304
0.434744
0.434744
1.70662
1.6786
0.244307
0.244307
1.20865
0.170042
0.0957663
0.0957663
0.0742761
1.28292
0.27236
1.72532
0.483726
1.21715
0.388131
0.388131
0.82902
0.96186
2.17901
0.0300342
1.61092
0.992364
0.588126
2.08832
1.0213
0.0482692
0.0482692
0.236739
0.01
0.01
0.285008
0.736288
1.06703
3.31213
1.60539
1.561
0.0732045
0.0732045
1.4878
5.44484
0.211859
4.83626
0.0736543
0.0736543
1.80777
0.701911
0.701911
1.17951
0.225493
2.10692
0.673185
2.7801
1.71244
0.797019
0.797019
0.111489
0.908508
1.82327
2.73178
1.76076
0.343722
2.38144