3.12853
0.464714
0.419943
0.419943
0.0447707
1.94717
0.0850418
0.0850418
1.21591
0.940477
0.940477
0.360474
1.02911
0.870686
0.468909
0.468909
0.25315
0.722058
0.148628
1.45937
0.0818269
0.716639
0.907274
0.264137
0.264137
0.257058
0.213482
0.0158889
0.0158889
0.197594
0.307713
2.19372
0.299078
0.299078
0.0353425
0.334421
2.3805
1.32088
1.99031
0.267595
0.267595
3.06165
0.269529
0.269529
0.105787
0.375315
2.68897
0.0916884
0.0916884
2.9726
0.264954
1.08135
1.71655
0.628606
0.125776
0.125776
0.50283
0.679416
1.30802
0.408532
0.795379
0.231523
0.231523
0.08761
0.319133
0.651696
0.970829
0.389098
0.471586
0.471586
0.796256
1.09758
0.782981
0.428657
0.428657
0.354324
0.314603
0.170257
0.0920865
0.456219
0.595269
0.01
0.01
0.595269
0.191356
0.786625
1.02952
0.695786
1.89866
1.61551