54 1
53 2
46 3
46 4
47 46
47 5
52 47
49 6
48 7
48 8
49 48
51 49
50 9
50 10
51 50
52 51
53 52
54 53
59 54
55 11
55 12
56 55
56 13
58 56
57 14
57 15
58 57
59 58
68 59
67 16
62 17
60 18
60 19
61 60
61 20
62 61
63 62
63 21
65 63
64 22
64 23
65 64
66 65
66 24
67 66
68 67
89 68
69 25
69 26
71 69
70 27
70 28
71 70
76 71
72 29
72 30
75 72
73 31
73 32
74 73
74 33
75 74
76 75
88 76
78 34
77 35
77 36
78 77
81 78
79 37
79 38
80 79
80 39
81 80
86 81
82 40
82 41
83 82
83 42
84 83
84 43
85 84
85 44
86 85
87 86
87 45
88 87
89 88