0.194882
0.0794992
0.0794992
0.115382
0.911758
0.389168
0.389168
0.389782
0.77895
0.0185319
0.576131
0.576131
0.221351
0.309158
0.287514
0.40927
0.40927
0.382227
0.791497
0.602656
3.04589
0.138967
0.138967
0.661691
0.485532
0.329259
0.145675
0.0158333
0.0158333
0.129842
0.183584
0.156273
0.315126
1.76917
0.820976
0.820976
0.646529
1.4675
0.0205471
1.48805
0.071872
1.55992
0.596195
0.475811
0.01
0.01
0.475811
0.420905
0.896716
1.2594
0.335453
1.43295
0.638125
0.638125
0.794821
1.05863
0.0782587
1.45655
2.39788
2.39788
0.248769
0.106889
0.106889
2.53976
1.37973
0.413661
3.20968
5.08786
0.505524
0.156335
0.156335
0.34919
3.38508
3.81097
0.999782
0.999782
2.81119
0.0796375
1.19725
2.56186