51 1
48 2
47 3
47 4
48 47
50 48
49 5
49 6
50 49
51 50
65 51
52 7
52 8
64 52
55 9
53 10
53 11
54 53
54 12
55 54
57 55
56 13
56 14
57 56
58 57
58 15
59 58
59 16
60 59
60 17
63 60
61 18
61 19
62 61
62 20
63 62
64 63
65 64
66 65
66 21
91 66
68 22
67 23
67 24
68 67
74 68
69 25
69 26
73 69
72 27
70 28
70 29
71 70
71 30
72 71
73 72
74 73
76 74
75 31
75 32
76 75
90 76
85 33
84 34
77 35
77 36
83 77
78 37
78 38
82 78
79 39
79 40
80 79
80 41
81 80
81 42
82 81
83 82
84 83
85 84
88 85
86 43
86 44
87 86
87 45
88 87
89 88
89 46
90 89
91 90