0.549906
0.549906
1.04899
0.426045
0.426045
1.17285
0.276188
0.606954
0.510057
0.510057
0.0968965
0.14155
0.748503
1.12658
1.10428
2.17871
2.17871
0.800651
0.865021
3.84438
1.58881
3.05355
0.279024
0.279024
2.77452
1.17933
0.94733
0.94733
3.28555
0.475543
1.91891
0.0837236
0.0837236
1.83518
0.615372
0.01
0.01
0.0348233
0.0348233
0.0755529
0.110376
2.4239
0.0673888
2.60167
2.10676
0.72477
2.26249
0.0913195
0.0913195
2.73736
0.576767
0.576767
0.27861
0.855376
1.35853
0.775653
0.775653
0.0598607
0.37338
0.37338
0.462134
1.3784
0.614771
4.867