49 1
49 2
50 49
50 3
51 50
51 4
52 51
52 5
71 52
70 6
53 7
53 8
54 53
54 9
69 54
55 10
55 11
56 55
56 12
67 56
58 13
57 14
57 15
58 57
60 58
59 16
59 17
60 59
63 60
62 18
61 19
61 20
62 61
63 62
66 63
64 21
64 22
65 64
65 23
66 65
67 66
68 67
68 24
69 68
70 69
71 70
95 71
72 25
72 26
76 72
75 27
73 28
73 29
74 73
74 30
75 74
76 75
78 76
77 31
77 32
78 77
94 78
79 33
79 34
80 79
80 35
81 80
81 36
92 81
82 37
82 38
84 82
83 39
83 40
84 83
85 84
85 41
91 85
88 42
86 43
86 44
87 86
87 45
88 87
90 88
89 46
89 47
90 89
91 90
92 91
93 92
93 48
94 93
95 94