0.285697728395462036132812500000
0.613270699977874755859375000000
1.062697768211364746093750000000
0.640473425388336181640625000000
0.577427923679351806640625000000
0.888771235942840576171875000000
0.486163765192031860351562500000
0.454835891723632812500000000000
0.809301376342773437500000000000
0.540758073329925537109375000000
0.651604413986206054687500000000
0.066003680229187011718750000000
0.204988002777099609375000000000
0.618992805480957031250000000000
0.171595871448516845703125000000
0.386152833700180053710937500000
0.497958034276962280273437500000
0.127088963985443115234375000000
0.413999974727630615234375000000
0.059423476457595825195312500000
0.414004892110824584960937500000
0.214556992053985595703125000000
0.354581385850906372070312500000
0.155133485794067382812500000000
0.199443012475967407226562500000
0.199447929859161376953125000000
0.199447929859161376953125000000
0.056970488280057907104492187500
0.032769158482551574707031250000
0.199447929859161376953125000000
0.166678771376609802246093750000
0.166678771376609802246093750000
0.000004917383193969726562500000
0.000004917383193969726562500000
0.000004917383193969726562500000
0.000004917383193969726562500000
