1.227381587028503417968750000000
0.112224549055099487304687500000
0.225389942526817321777343750000
0.353054136037826538085937500000
0.621982991695404052734375000000
0.753857254981994628906250000000
0.486688286066055297851562500000
0.154309362173080444335937500000
0.029355375096201896667480468750
0.261976689100265502929687500000
0.553714096546173095703125000000
0.496664166450500488281250000000
0.132080033421516418457031250000
0.510641634464263916015625000000
0.057049915194511413574218750000
0.023087739944458007812500000000
0.033962175250053405761718750000
0.033962175250053405761718750000
0.000000000000000000000000000000
0.000000000000000000000000000000
0.000000000000000000000000000000
0.000000000000000000000000000000
0.000000000000000000000000000000
0.000000000000000000000000000000
