0.099878728389739990234375000000
0.625155925750732421875000000000
0.218402251601219177246093750000
0.498522579669952392578125000000
0.164208874106407165527343750000
0.905822634696960449218750000000
0.061131052672863006591796875000
0.663408577442169189453125000000
0.608569979667663574218750000000
0.169431880116462707519531250000
0.328821659088134765625000000000
0.328824281692504882812500000000
0.143653988838195800781250000000
0.250619024038314819335937500000
0.083976015448570251464843750000
0.106965042650699615478515625000
0.022986400872468948364257812500
0.022989030927419662475585937500
0.000002630054950714111328125000
0.000002630054950714111328125000
0.000002630054950714111328125000
0.000002630054950714111328125000
