1.19361
1.19361
0.506656
0.0775898
0.031899
0.031899
0.0456908
0.183842
0.261431
0.131727
0.393158
0.22529
0.612381
0.417714
0.417714
0.115446
0.53316
0.0792217
0.00606674
1.08182
0.198171
1.00936
0.116393
0.107173
0.107173
0.00921941
0.892966
0.889077
0.632419
0.814226
0.0931269
0.0931269
0.721099
0.929854
0.0873818
0.0873818
1.6567
0.786774
2.18685
0.176907
0.176907
0.994461
1.17137
1.75248
1.06435
0.0991834
0.01
0.01
0.0991834
0.965163
1.85951
0.889368
0.555988
0.555988
0.473027
0.742529
0.742529
0.221264
0.405164
0.405164
0.55863
0.0652214
2.7842
0.904488
2.15491
2.02187
1.48875
0.722406
0.722406
0.538094
0.901961
0.901961
0.0337892
0.0581481
0.0581481
0.496699
0.554847
0.380903
0.324749
0.228251
0.533117
0.432293
0.684996
0.0571858
0.0571858
0.397803
0.454989
0.230008
0.516366
0.506182
0.506182
0.69518
0.299624
0.809137
0.809137
0.69185
0.953174
4.41846