2.35309
2.35309
4.67648
1.32869
1.32869
0.131059
1.45975
2.54021
0.654448
0.654448
1.12107
1.77551
0.365015
0.454386
0.454386
0.142282
0.596668
0.217771
0.167671
0.167671
0.646768
1.32609
0.420803
0.00599162
0.00599162
1.50463
0.0298293
0.01
0.01
0.0298293
0.982637
0.442176
0.072268
0.072268
0.369908
0.3004
0.742575
0.269891
0.498158
0.742285
0.2647
0.2647
0.412998
0.677697
1.57521
0.308424
1.43862
2.22534
1.79367
1.79367
0.395886
1.08331
0.503204
0.299146
0.299146
0.204059
0.580101
1.09908
2.18239
0.0071664
4.03573
0.804274