0.720593571662902832031250000000
0.158278480172157287597656250000
0.001208851928822696208953857422
0.581356465816497802734375000000
0.557692587375640869140625000000
0.402302712202072143554687500000
0.386757016181945800781250000000
1.260365128517150878906250000000
0.613170027732849121093750000000
0.107864283025264739990234375000
0.263933748006820678710937500000
0.263933748006820678710937500000
0.000000000000000000000000000000
0.000000000000000000000000000000
0.000000000000000000000000000000
0.000000000000000000000000000000
0.000000000000000000000000000000
0.000000000000000000000000000000
