0.647212
0.647212
1.50293
0.579894
0.579894
1.27456
0.370558
0.370558
1.4839
0.295686
3.15678
0.024247
0.024247
0.391035
0.415282
0.0637515
0.479033
0.0221878
0.501221
3.95288
0.236569
0.136037
0.136037
0.100533
1.09941
0.263555
0.152946
0.152946
0.110608
1.07243
3.11812
0.852821
0.130383
2.14979
0.855994
0.855994
0.0590502
0.915045
0.938751
0.631195
0.631195
0.0912173
0.242832
0.242832
0.479581
1.13138
0.227378
0.0567205
0.0567205
1.3676
1.42433
0.656848
0.0686212
1.14267
2.41846
2.41846
0.0249573
2.44341
0.0385834
1.08705
1.08705
0.194911
0.01
0.01
0.060242
0.060242
0.654023
0.13154
0.13154
0.492725
0.206775
0.206775
0.41749
0.0900004
0.567694
0.495815
1.77777
0.704222
0.810464
0.834293
2.47931
2.47931
1.10861
3.21189
0.351371
0.351371
2.86052
0.376037
0.53883
1.31055