0.870297
0.870297
2.66469
0.0376676
0.0376676
1.77779
1.41473
1.09265
1.09265
0.0419777
0.181241
0.181241
0.953384
0.280106
0.400728
1.71953
5.11543
0.551536
0.551536
0.617761
0.563525
0.154172
0.154172
0.30771
0.461882
0.101643
0.605772
0.185682
1.35498
0.125781
1.48076
0.156291
1.63705
2.47174
2.81066
0.115304
0.115304
0.0281968
0.143501
1.48043
1.62393
1.18673
0.575866
1.88309
1.65233
1.65233
0.221441
0.00449626
0.00449626
0.770266
0.01
0.01
0.774762
1.09901
0.00932145
1.50344
0.169248
0.284425
0.284425
3.27135
0.533281
0.206038
0.206038
1.72075
0.0741278
0.0741278
0.304368
0.378496
1.54829
0.627646
1.32945
1.32945
1.22499
0.0690434
2.62076
1.12814
1.12814
1.49261
0.00272158
1.46558
0.0197314
1.59343
3.46767
0.814049
0.814049
2.65362
2.23455
2.94821