3.06747
1.10786
1.10786
0.1667
1.08033
0.0788525
0.0788525
1.00148
0.194235
1.52032
0.337215
0.337215
0.456648
0.793862
1.02549
0.37834
0.37834
1.44101
0.975534
0.272588
0.417059
2.20994
0.63394
0.0238326
0.0238326
0.610108
1.576
0.707097
0.257564
0.257564
2.14822
0.294763
0.294763
2.11102
0.39662
1.18518
0.3884
0.3884
0.796776
1.61723
0.114635
0.567494
1.19341
2.60987
1.17646
0.222314
0.222314
0.552277
0.0908865
0.0908865
0.683704
0.241382
0.225061
0.01
0.01
0.225061
0.790912
0.160486
0.389041
0.728381
0.301342
0.0443666
0.0443666
0.256976
0.427039
0.837119
1.04437
0.46815
1.32289
0.577777
0.577777
0.380896
0.603117
0.603117
0.355557
0.2118
0.332279
0.303764
0.303764
0.0285149
0.202549
0.534828
0.635645
0.152413
1.75514
1.59992