0.145904
0.145904
2.61276
0.651217
0.193056
0.193056
0.372565
0.56562
0.0855965
1.45012
0.621435
0.621435
1.4799
0.247594
1.10152
0.0498428
0.0498428
0.752324
0.802167
0.299357
0.359797
1.46132
0.887606
0.409734
1.05361
0.0159494
0.0159494
1.31703
1.33298
0.0934076
0.663129
0.139363
0.139363
0.0816989
0.221062
0.442067
0.76326
2.38588
0.369459
0.01
0.01
2.53693
0.0304155
0.0304155
0.528852
0.559268
0.784619
0.342841
0.16655
0.16655
0.176291
0.288342
0.631183
0.712704
1.1684
0.115248
0.115248
0.671949
0.587778
0.413397
0.413397
0.174381
0.199418
0.321782
1.10898
0.303064
1.41204
1.10025
0.0246378
1.1398
3.67672
0.505002