0.353567
0.353567
0.278105
0.631671
2.37041
3.00208
0.631665
0.615716
0.615716
1.80187
2.4061
0.47575
0.01
0.01
0.47575
1.93035
0.0114866
0.455865
0.187674
0.187674
0.695664
0.488156
0.488156
0.395182
0.287475
0.745414
0.745414
0.425399
1.70264
0.760299
0.369454
3.39923
0.121192
0.121192
1.31218
0.692769
0.0580436
0.0580436
0.108612
0.166655
0.526113
0.278131
0.116203
0.116203
0.212084
0.328288
0.642612
0.462471
0.949554
0.140027
0.140027
0.0167887
0.156815
1.63318
0.751183
0.751183
1.03882
0.592926
1.01631
0.603971