2.10543
0.956786
0.956786
0.507536
0.20937
0.20937
0.384741
0.594111
0.87021
0.200927
0.701008
0.701008
0.285001
0.977158
0.977158
0.00885091
0.67924
0.44018
0.214469
0.643873
0.302547
0.302547
0.341326
0.235089
0.731907
0.731907
0.147056
0.619064
1.49803
0.821871
0.898034
2.75513
1.26877
0.01
0.01
0.00476214
0.00476214
0.0404413
0.0452034
0.327624
0.372827
0.895938
0.744232
0.0273828
0.0273828
0.646775
0.382498
0.382498
0.29166
0.427262
0.10493
0.10493
0.99649
0.911577
0.742132
0.462803
0.636142
1.15857
0.434139
0.434139
0.724432
0.966916
2.12549
1.72859
1.37047
5.22454