0.719294846057891845703125000000
0.223175540566444396972656250000
0.058051329106092453002929687500
1.222867608070373535156250000000
0.654504120349884033203125000000
0.225681662559509277343750000000
0.491292089223861694335937500000
0.607030153274536132812500000000
0.015486847609281539916992187500
0.080980449914932250976562500000
0.375107228755950927734375000000
0.907242298126220703125000000000
0.722285270690917968750000000000
0.661453425884246826171875000000
0.673675060272216796875000000000
0.207557573914527893066406250000
0.415334075689315795898437500000
0.673675060272216796875000000000
0.119179919362068176269531250000
0.077287994325160980224609375000
0.476669073104858398437500000000
0.207800731062889099121093750000
0.434777140617370605468750000000
0.434777140617370605468750000000
0.141539990901947021484375000000
0.141539990901947021484375000000
0.067127943038940429687500000000
0.067127943038940429687500000000
