0.050816178321838378906250000000
0.050816178321838378906250000000
0.466092973947525024414062500000
0.720174491405487060546875000000
0.243349015712738037109375000000
0.268004626035690307617187500000
0.182329773902893066406250000000
0.015180633403360843658447265625
0.134497508406639099121093750000
1.572655439376831054687500000000
1.438157796859741210937500000000
0.321800380945205688476562500000
0.759384036064147949218750000000
0.017687449231743812561035156250
0.053745985031127929687500000000
0.200896665453910827636718750000
1.066739320755004882812500000000
0.888582587242126464843750000000
0.264793097972869873046875000000
0.222352400422096252441406250000
0.285634100437164306640625000000
0.386866629123687744140625000000
0.041466966271400451660156250000
0.063955098390579223632812500000
0.263409137725830078125000000000
0.241420239210128784179687500000
0.394958645105361938476562500000
0.394958645105361938476562500000
0.178156822919845581054687500000
0.178156822919845581054687500000
0.176026552915573120117187500000
0.176026552915573120117187500000
0.154037654399871826171875000000
0.154037654399871826171875000000
0.114487826824188232421875000000
0.114487826824188232421875000000
0.108523845672607421875000000000
0.108523845672607421875000000000
0.108523845672607421875000000000
0.108523845672607421875000000000
0.108523845672607421875000000000
0.108523845672607421875000000000
0.108523845672607421875000000000
0.108523845672607421875000000000
0.108523845672607421875000000000
0.108523845672607421875000000000
