1.74424
1.74424
3.62292
1.01445
0.222056
0.222056
0.745225
0.628385
0.628385
0.338896
0.0471672
2.29284
3.30729
1.77422
0.212339
0.212339
2.83328
3.04562
0.533432
0.0232814
0.0232814
3.55577
0.598829
4.17788
0.903628
0.28566
0.865295
0.388749
0.0333701
0.0333701
0.355379
0.221164
0.609914
3.01352
1.11209
1.11209
2.51134
2.60902
0.403609
0.696298
0.352183
0.352183
0.344115
0.271837
0.968135
0.977031
1.94517
2.00763
0.572272
0.572272
0.542115
0.862403
0.862403
0.251983
2.83841
1.28008
0.01
0.01
1.09895
1.09895
4.13392
1.4032