0.333194375038146972656250000000
0.048175077885389328002929687500
0.300387263298034667968750000000
0.168642431497573852539062500000
0.015367984771728515625000000000
0.037275232374668121337890625000
0.542111754417419433593750000000
1.285671710968017578125000000000
0.072074517607688903808593750000
0.167921409010887145996093750000
0.321382284164428710937500000000
0.281559258699417114257812500000
0.340367525815963745117187500000
0.340367525815963745117187500000
0.404198527336120605468750000000
0.876345217227935791015625000000
0.108975552022457122802734375000
0.108975552022457122802734375000
0.069152534008026123046875000000
0.920108556747436523437500000000
0.085826344788074493408203125000
0.437886655330657958984375000000
0.269978612661361694335937500000
0.198405802249908447265625000000
0.671722590923309326171875000000
0.564972996711730957031250000000
0.129669725894927978515625000000
0.564972996711730957031250000000
0.232334017753601074218750000000
0.509324133396148681640625000000
0.369836837053298950195312500000
0.071888998150825500488281250000
0.040422264486551284790039062500
1.050204992294311523437500000000
1.006661653518676757812500000000
0.156161963939666748046875000000
0.168615564703941345214843750000
0.476245760917663574218750000000
0.019071985036134719848632812500
0.850499808788299560546875000000
0.803710103034973144531250000000
0.004150179680436849594116210938
0.827277600765228271484375000000
0.827277600765228271484375000000
0.019383165985345840454101562500
0.019383165985345840454101562500
0.055648870766162872314453125000
0.055648870766162872314453125000
0.152446031570434570312500000000
0.167815238237380981445312500000
0.152446031570434570312500000000
0.720105946063995361328125000000
0.674022734165191650390625000000
0.674022734165191650390625000000
0.230139896273612976074218750000
0.391363084316253662109375000000
0.674022734165191650390625000000
0.029606137424707412719726562500
0.426246702671051025390625000000
0.674022734165191650390625000000
0.607171118259429931640625000000
0.443701535463333129882812500000
0.338947951793670654296875000000
0.091146528720855712890625000000
0.338947951793670654296875000000
0.567654073238372802734375000000
0.492771238088607788085937500000
0.492771238088607788085937500000
0.443882673978805541992187500000
0.424587488174438476562500000000
0.177239760756492614746093750000
0.115520983934402465820312500000
0.247775912284851074218750000000
0.247775912284851074218750000000
0.119484245777130126953125000000
0.228711873292922973632812500000
0.119484245777130126953125000000
0.228711873292922973632812500000
0.109227657318115234375000000000
0.009473286569118499755859375000
0.109221816062927246093750000000
0.109227657318115234375000000000
0.105419769883155822753906250000
0.105419769883155822753906250000
0.093301706016063690185546875000
0.026929145678877830505371093750
0.059120893478393554687500000000
0.059120893478393554687500000000
0.027717608958482742309570312500
0.027717608958482742309570312500
0.019289344549179077148437500000
0.019289344549179077148437500000
0.006452657282352447509765625000
0.006452657282352447509765625000
0.000005841255187988281250000000
0.000005841255187988281250000000
0.000005841255187988281250000000
0.000005841255187988281250000000
0.000005841255187988281250000000
0.000005841255187988281250000000
0.000005841255187988281250000000
0.000005841255187988281250000000
