0.344350129365921020507812500000
0.055282086133956909179687500000
0.409602761268615722656250000000
0.283358633518218994140625000000
0.072458997368812561035156250000
0.808452486991882324218750000000
0.081099659204483032226562500000
0.042151015251874923706054687500
0.420848309993743896484375000000
0.142960608005523681640625000000
0.061784278601408004760742187500
0.277887701988220214843750000000
0.159438475966453552246093750000
0.671640038490295410156250000000
0.015841960906982421875000000000
0.289751797914505004882812500000
0.143136948347091674804687500000
0.230233579874038696289062500000
0.126671120524406433105468750000
0.126671120524406433105468750000
0.289972484111785888671875000000
0.437594592571258544921875000000
0.385990023612976074218750000000
0.380209058523178100585937500000
0.016352742910385131835937500000
0.385990023612976074218750000000
0.381888270378112792968750000000
0.381888270378112792968750000000
0.147622093558311462402343750000
0.147622093558311462402343750000
0.005780979990959167480468750000
0.005780979990959167480468750000
0.000000000000000000000000000000
0.000000000000000000000000000000
0.000000000000000000000000000000
0.000000000000000000000000000000
