1.37097
0.846853
0.846853
0.524122
0.318216
0.912789
0.01
0.01
0.359641
0.359641
0.553148
0.122101
1.03489
0.654301
0.491138
0.236512
0.236512
1.94382
0.834484
1.71837
0.063008
0.063008
0.0149809
0.0779888
1.64038
0.130514
0.0548116
0.0548116
1.42551
0.993564
0.157829
0.157829
0.835735
0.486756
0.368566
0.396622
2.24551
0.769305
2.09655
0.143781
0.143781
0.286093
0.429875
0.304377
0.734252
2.96815
0.108543
0.108543
0.0747933
0.183337
1.54029
1.72363
0.44986
2.17349
1.52891
1.40896
1.34496
2.82323
0.629072
0.512624
0.512624
0.116447
2.19416
1.24314
1.37801
1.37801
1.49838
0.292857
0.292857
1.20006
1.36948
1.36948
0.0262314
1.34608
0.163405
0.163405
1.18268
0.0496248
0.09721
0.429345
1.19074
0.869113
0.0114989
0.0114989
0.347071
0.35857
0.510543
0.321627
0.731524
0.174937
0.712087
0.712087
0.304957
1.01704
1.08016
0.779193
1.18997
2.38995