0.718056
0.525553
0.525553
0.192503
1.12862
0.535238
0.535238
1.31144
0.869924
2.1105
0.0213104
0.0213104
0.0458452
0.0671556
0.723319
0.790474
0.99168
1.78215
0.32835
0.6061
1.19272
2.71255
0.306866
0.01
0.01
0.306866
0.775025
1.08189
1.63066
1.19677
0.354312
1.12014
1.12014
0.323612
0.510675
0.0793512
0.0793512
0.103237
0.182589
0.328086
0.933075
1.15646
2.60021
1.59953
0.240267
0.089258
0.089258
0.151009
2.68371
0.197307
0.197307
0.18332
0.12804
0.12804
0.252588
1.98969
0.664067
0.343687
0.343687
0.32038
1.70625
0.143695
1.30057
1.30057
0.546374
0.454198
0.454198
1.36201
0.832566
0.663058
0.663058
0.169508
0.650612
1.48318
0.333027
0.0307349
0.452854
2.29979
0.214218
0.40997
1.27575
0.0639022