53 1
51 2
51 3
52 51
52 4
53 52
84 53
54 5
54 6
57 54
56 7
55 8
55 9
56 55
57 56
60 57
58 10
58 11
59 58
59 12
60 59
83 60
66 13
65 14
61 15
61 16
62 61
62 17
64 62
63 18
63 19
64 63
65 64
66 65
82 66
68 20
67 21
67 22
68 67
71 68
70 23
69 24
69 25
70 69
71 70
73 71
72 26
72 27
73 72
78 73
74 28
74 29
76 74
75 30
75 31
76 75
77 76
77 32
78 77
81 78
79 33
79 34
80 79
80 35
81 80
82 81
83 82
84 83
87 84
86 36
85 37
85 38
86 85
87 86
99 87
88 39
88 40
98 88
97 41
94 42
89 43
89 44
90 89
90 45
91 90
91 46
93 91
92 47
92 48
93 92
94 93
96 94
95 49
95 50
96 95
97 96
98 97
99 98