2.68483
0.217975
0.217975
2.18029
2.39826
0.286564
0.201578
0.309516
0.309516
1.26351
0.984616
0.631251
0.631251
0.353364
0.588406
0.782159
1.45301
1.45301
0.892672
2.34568
0.00949872
0.0448932
1.4308
1.12849
0.112589
0.112589
0.388306
0.500895
0.0705517
0.225943
0.225943
0.345504
0.557046
0.302305
0.941258
0.921378
0.0376685
0.0376685
0.883709
0.0868109
0.384149
0.162031
0.162031
0.222119
0.624039
0.181657
0.260645
0.260645
0.929201
0.502346
0.516961
0.516961
1.07347
1.20516
1.20516
0.385266
0.0269119
1.61734
0.0748539
0.523204
0.0390268
0.0390268
0.152803
0.19183
2.02357
0.15666
0.0280166
0.486331
0.659537
0.823941
0.00113142
0.00113142
0.822809
2.722
0.492969
0.01
0.01
2.92759
2.78485
2.47985
0.228038
0.228038
0.323342
0.55138
0.0457522
0.597132
1.28443
0.467742
0.467742
1.41382
0.598287
0.00658189
0.409876
0.409876
2.07655
0.298426
0.142739
1.11132