46 1
45 2
45 3
46 45
48 46
47 4
47 5
48 47
87 48
49 6
49 7
64 49
50 8
50 9
51 50
51 10
52 51
52 11
59 52
58 12
57 13
56 14
55 15
54 16
53 17
53 18
54 53
55 54
56 55
57 56
58 57
59 58
63 59
62 19
60 20
60 21
61 60
61 22
62 61
63 62
64 63
86 64
70 23
65 24
65 25
69 65
66 26
66 27
68 66
67 28
67 29
68 67
69 68
70 69
71 70
71 30
74 71
73 31
72 32
72 33
73 72
74 73
85 74
75 34
75 35
77 75
76 36
76 37
77 76
84 77
78 38
78 39
81 78
80 40
79 41
79 42
80 79
81 80
83 81
82 43
82 44
83 82
84 83
85 84
86 85
87 86