1.19202
1.19202
3.24318
1.77642
1.77642
2.22181
1.10013
1.10013
1.63778
1.80401
1.80401
0.9339
1.06176
0.0479991
0.0479991
0.334342
0.382341
0.155636
0.537977
3.26169
0.19856
0.436977
1.48383
0.422205
0.422205
1.04119
1.4634
0.0327733
1.49617
1.68429
0.01
0.01
1.09749
0.367974
0.367974
0.729518
1.71763
2.16227
1.63411
0.485127
0.485127
0.574249
0.48489
0.0150585
0.0150585
0.469831
0.574486
0.168972
1.22835
0.405763
0.52816
0.652853
0.365343
0.579878
0.394628
0.394628
3.36572
0.53163
1.66779
1.66779
1.46814
0.536381
0.536381
0.384322
0.920703
2.21523
1.09606
0.421702
0.421702
1.21314
0.744787
0.744787
0.890059
2.59715
0.0599752
1.62706