9.54782
0.947801
0.824076
0.504715
0.504715
0.112431
0.487813
0.487813
0.129333
0.20693
0.123725
0.146028
0.259346
0.119614
0.119614
0.139732
0.755373
0.718048
0.247898
0.247898
0.47015
0.101249
0.0375825
0.0375825
0.781714
0.195423
0.0791094
0.549969
1.56481
1.56481
0.0789896
1.50364
0.236894
0.236894
0.221865
0.458759
0.799149
0.50928
0.50928
0.748629
1.88953
0.0584992
2.1499
0.01
0.01
0.0257248
0.0257248
2.12417
1.05604
1.30001
0.0325777
0.0325777
0.651309
0.318867
0.0121739
0.0121739
0.306693
0.365019
3.16969
3.85357
0.652374
0.705819
5.21176
0.163114
1.71453
1.71453
0.0425385
0.318474
0.318474
0.49838
0.381831
0.381831
0.435023
0.940215
0.697187
0.292165
0.125571
0.0703179
0.0330826
0.0330826
0.0372354
0.0552531
0.166594
2.16209
2.92062
4.17294