0.233892887830734252929687500000
0.194726198911666870117187500000
0.386707901954650878906250000000
1.577418327331542968750000000000
1.609527587890625000000000000000
0.222473084926605224609375000000
0.389960557222366333007812500000
0.140389099717140197753906250000
1.418565869331359863281250000000
1.177050828933715820312500000000
0.868350446224212646484375000000
0.304872572422027587890625000000
0.273837566375732421875000000000
0.641360461711883544921875000000
0.278819918632507324218750000000
0.879835784435272216796875000000
0.601015865802764892578125000000
0.154715001583099365234375000000
0.241515025496482849121093750000
0.241515025496482849121093750000
