54 1
53 2
51 3
50 4
50 5
51 50
52 51
52 6
53 52
54 53
74 54
55 7
55 8
60 55
56 9
56 10
59 56
57 11
57 12
58 57
58 13
59 58
60 59
61 60
61 14
66 61
64 15
63 16
62 17
62 18
63 62
64 63
65 64
65 19
66 65
73 66
67 20
67 21
72 67
71 22
68 23
68 24
69 68
69 25
70 69
70 26
71 70
72 71
73 72
74 73
97 74
89 27
75 28
75 29
82 75
76 30
76 31
78 76
77 32
77 33
78 77
79 78
79 34
81 79
80 35
80 36
81 80
82 81
84 82
83 37
83 38
84 83
88 84
87 39
85 40
85 41
86 85
86 42
87 86
88 87
89 88
92 89
90 43
90 44
91 90
91 45
92 91
96 92
95 46
93 47
93 48
94 93
94 49
95 94
96 95
97 96