0.069398343563079833984375000000
0.069398343563079833984375000000
0.208631321787834167480468750000
0.255351006984710693359375000000
0.327923476696014404296875000000
0.255351006984710693359375000000
0.119292140007019042968750000000
0.204254955053329467773437500000
0.255844473838806152343750000000
0.272648990154266357421875000000
0.082876473665237426757812500000
0.344725996255874633789062500000
0.084962815046310424804687500000
0.568727076053619384765625000000
0.084962815046310424804687500000
0.519366502761840820312500000000
1.592374324798583984375000000000
1.193323612213134765625000000000
0.141346663236618041992187500000
1.517715692520141601562500000000
0.044360879808664321899414062500
0.594583392143249511718750000000
0.141346663236618041992187500000
1.201123356819152832031250000000
1.020355582237243652343750000000
0.341512501239776611328125000000
0.607800304889678955078125000000
0.324707984924316406250000000000
0.136580467224121093750000000000
1.376368641853332519531250000000
0.136580467224121093750000000000
0.319485843181610107421875000000
0.220792531967163085937500000000
0.484513014554977416992187500000
0.047690510749816894531250000000
0.484513014554977416992187500000
0.158146560192108154296875000000
0.633153021335601806640625000000
0.049360513687133789062500000000
0.049360513687133789062500000000
0.552357077598571777343750000000
1.027059912681579589843750000000
0.197689637541770935058593750000
0.004129155073314905166625976562
0.014955461025238037109375000000
0.285098016262054443359375000000
0.169823378324508666992187500000
0.285098016262054443359375000000
1.033951044082641601562500000000
1.033951044082641601562500000000
0.255049377679824829101562500000
0.285098016262054443359375000000
0.000613461888860911130905151367
0.713984906673431396484375000000
0.319811552762985229492187500000
0.713984906673431396484375000000
0.375694811344146728515625000000
0.459437549114227294921875000000
0.349458664655685424804687500000
0.028099220246076583862304687500
0.895032644271850585937500000000
0.895032644271850585937500000000
0.864127755165100097656250000000
0.031723264604806900024414062500
0.133220389485359191894531250000
0.133220389485359191894531250000
0.071732260286808013916015625000
0.785922706127166748046875000000
0.755275249481201171875000000000
0.297187983989715576171875000000
0.359760493040084838867187500000
0.417904973030090332031250000000
0.748853206634521484375000000000
0.363022506237030029296875000000
0.748853206634521484375000000000
0.748853206634521484375000000000
0.748853206634521484375000000000
0.170205995440483093261718750000
0.314663678407669067382812500000
0.639238238334655761718750000000
0.466268837451934814453125000000
0.699184179306030273437500000000
0.104759469628334045410156250000
0.287413299083709716796875000000
0.083742722868919372558593750000
0.258166968822479248046875000000
0.594424724578857421875000000000
0.594424724578857421875000000000
0.121402181684970855712890625000
0.402417361736297607421875000000
0.558944821357727050781250000000
0.558944821357727050781250000000
0.005746518261730670928955078125
0.015353709459304809570312500000
0.168677702546119689941406250000
0.003599449293687939643859863281
0.549598813056945800781250000000
0.483958184719085693359375000000
0.543591022491455078125000000000
0.543591022491455078125000000000
0.126486003398895263671875000000
0.276393592357635498046875000000
0.120717018842697143554687500000
0.120717018842697143554687500000
0.053022056818008422851562500000
0.053022056818008422851562500000
0.411770880222320556640625000000
0.054182171821594238281250000000
0.259241908788681030273437500000
0.399050652980804443359375000000
0.099544867873191833496093750000
0.399050652980804443359375000000
0.145376831293106079101562500000
0.105902142822742462158203125000
0.395514696836471557617187500000
0.395514696836471557617187500000
0.143607020378112792968750000000
0.384520471096038818359375000000
0.226672142744064331054687500000
0.377009004354476928710937500000
0.143607020378112792968750000000
0.384520471096038818359375000000
0.143607020378112792968750000000
0.377009004354476928710937500000
0.181824043393135070800781250000
0.384520471096038818359375000000
0.337370216846466064453125000000
0.337370216846466064453125000000
0.337370216846466064453125000000
0.337370216846466064453125000000
0.203680783510208129882812500000
0.337370216846466064453125000000
0.115501515567302703857421875000
0.136068314313888549804687500000
0.305010676383972167968750000000
0.192164331674575805664062500000
0.305010676383972167968750000000
0.305010676383972167968750000000
0.256630092859268188476562500000
0.198529034852981567382812500000
0.253673821687698364257812500000
0.253673821687698364257812500000
0.240264356136322021484375000000
0.249143004417419433593750000000
0.083065137267112731933593750000
0.240913450717926025390625000000
0.210751473903656005859375000000
0.240913450717926025390625000000
0.083065137267112731933593750000
0.240913450717926025390625000000
0.232915282249450683593750000000
0.232915282249450683593750000000
0.081540957093238830566406250000
0.044848103076219558715820312500
0.014923742040991783142089843750
0.201090872287750244140625000000
0.180524051189422607421875000000
0.180524051189422607421875000000
0.036692857742309570312500000000
0.157848328351974487304687500000
0.036692857742309570312500000000
0.157848328351974487304687500000
0.036692857742309570312500000000
0.157848328351974487304687500000
0.036692857742309570312500000000
0.157848328351974487304687500000
0.156527370214462280273437500000
0.156527370214462280273437500000
0.139808744192123413085937500000
0.139808744192123413085937500000
0.133689433336257934570312500000
0.133689433336257934570312500000
0.067217797040939331054687500000
0.121155470609664916992187500000
0.121155470609664916992187500000
0.050108522176742553710937500000
0.067217797040939331054687500000
0.121155470609664916992187500000
0.067217797040939331054687500000
0.121155470609664916992187500000
0.067217797040939331054687500000
0.121155470609664916992187500000
0.023775704205036163330078125000
0.053937673568725585937500000000
0.053937673568725585937500000000
0.053937673568725585937500000000
0.053937673568725585937500000000
0.053937673568725585937500000000
0.023775704205036163330078125000
0.053937673568725585937500000000
0.050833702087402343750000000000
0.050833702087402343750000000000
0.036518424749374389648437500000
0.036518424749374389648437500000
0.030161969363689422607421875000
0.030161969363689422607421875000
0.030161969363689422607421875000
0.030161969363689422607421875000
0.030161969363689422607421875000
0.030161969363689422607421875000
0.008878648281097412109375000000
0.008878648281097412109375000000
0.008878648281097412109375000000
0.008878648281097412109375000000
0.007511466741561889648437500000
0.007511466741561889648437500000
0.007511466741561889648437500000
0.007511466741561889648437500000
0.000000000000000000000000000000
0.000000000000000000000000000000
0.000000000000000000000000000000
0.000000000000000000000000000000
0.000000000000000000000000000000
0.000000000000000000000000000000
0.000000000000000000000000000000
0.000000000000000000000000000000
0.000000000000000000000000000000
0.000000000000000000000000000000
0.000000000000000000000000000000
0.000000000000000000000000000000
