49 1
49 2
53 49
52 3
50 4
50 5
51 50
51 6
52 51
53 52
54 53
54 7
58 54
57 8
55 9
55 10
56 55
56 11
57 56
58 57
95 58
60 12
59 13
59 14
60 59
94 60
62 15
61 16
61 17
62 61
63 62
63 18
71 63
64 19
64 20
65 64
65 21
66 65
66 22
70 66
67 23
67 24
69 67
68 25
68 26
69 68
70 69
71 70
92 71
72 27
72 28
75 72
74 29
73 30
73 31
74 73
75 74
91 75
76 32
76 33
82 76
78 34
77 35
77 36
78 77
80 78
79 37
79 38
80 79
81 80
81 39
82 81
90 82
89 40
83 41
83 42
86 83
84 43
84 44
85 84
85 45
86 85
88 86
87 46
87 47
88 87
89 88
90 89
91 90
92 91
93 92
93 48
94 93
95 94