1.81503
0.136989
0.122283
0.122283
0.0147057
0.156157
0.00468715
0.00468715
0.0869129
0.0916
0.137861
0.229461
0.0636844
1.52189
3.89215
2.85893
2.85893
0.883144
2.22494
0.446953
0.446953
0.237182
0.100174
0.100174
0.304077
0.404251
0.279883
0.871089
1.55522
0.0134265
1.56865
0.656287
1.40991
1.57517
1.15743
1.15743
0.417733
0.974215
0.0553174
0.0553174
0.649236
0.498713
0.204065
0.204065
0.294648
0.205841
1.84483
0.479293
2.25137
0.01
0.01
0.163967
0.163967
1.92116
2.08512
0.166249
0.691457
0.442805
0.442805
2.50002
0.0858456
0.606171
0.107231
1.9651