47 1
47 2
48 47
48 3
49 48
49 4
73 49
50 5
50 6
72 50
51 7
51 8
68 51
65 9
54 10
53 11
52 12
52 13
53 52
54 53
56 54
55 14
55 15
56 55
64 56
63 16
57 17
57 18
62 57
61 19
58 20
58 21
60 58
59 22
59 23
60 59
61 60
62 61
63 62
64 63
65 64
67 65
66 24
66 25
67 66
68 67
71 68
70 26
69 27
69 28
70 69
71 70
72 71
73 72
91 73
74 29
74 30
79 74
75 31
75 32
76 75
76 33
78 76
77 34
77 35
78 77
79 78
90 79
80 36
80 37
83 80
82 38
81 39
81 40
82 81
83 82
84 83
84 41
89 84
85 42
85 43
88 85
87 44
86 45
86 46
87 86
88 87
89 88
90 89
91 90