3.20912
0.363083
0.166113
0.166113
0.19697
1.03369
1.39678
0.701871
0.426382
0.426382
0.394351
0.820733
0.149956
0.970689
1.11735
1.08466
1.08466
0.333622
0.339151
0.339151
1.07913
0.669755
0.0106112
1.11047
0.912478
0.01
0.01
0.139525
0.139525
3.98207
1.51393
1.02862
0.107361
0.107361
0.301767
0.409127
0.619493
0.562007
0.933042
0.933042
0.194892
1.12793
0.360931
0.0487723
0.0487723
0.972019
0.124644
0.124644
0.896147
0.468074
0.101763
4.0449
0.994619
0.899716
0.0924281
0.0924281
0.807288
4.35592
0.128952
0.128952
1.23581
0.0618597
0.0618597
1.3029
1.65884
2.03417
1.08916
1.08916
0.945007
0.989425
0.879196
0.042882
0.042882
1.48622
0.600269
0.600269
0.536027
0.219736
0.219736
0.91656
0.392803
1.78556
3.06096
3.06096
0.253695
0.588131
1.35285
1.37451