0.0801548
0.0801548
0.459158
0.539313
2.84726
3.38657
3.03084
0.545945
0.545945
0.672561
0.196152
0.196152
1.02235
0.0810191
1.29953
2.91369
0.116013
0.116013
0.247314
0.363328
1.6502
1.1703
0.0329699
0.0329699
0.509334
0.379926
0.379926
0.162378
0.627994
0.843228
0.769664
2.78319
1.43002
1.79886
1.69697
0.948222
0.948222
0.748751
0.806841
0.624274
0.624274
0.162775
0.01
0.01
0.0192177
0.0192177
0.52399
0.158301
0.158301
0.384907
0.243841
0.43996
0.0906909
0.0906909
0.188711
0.279402
0.947607
1.27681
0.132998
2.63681
1.28313
0.0606542
0.0606542
2.67138
0.364806
0.364806
1.55293
1.91773
0.814307
1.18791
2.09213
0.405338
15.6899
1.74572
1.74572
2.88767
0.141231
0.141231
2.9074
3.04863
1.58477
17.4739