0.290457576513290405273437500000
0.634321630001068115234375000000
0.061305053532123565673828125000
0.392297923564910888671875000000
0.128005102276802062988281250000
0.592767775058746337890625000000
1.131986260414123535156250000000
0.963516056537628173828125000000
0.374421179294586181640625000000
0.330704927444458007812500000000
0.986539483070373535156250000000
0.986539483070373535156250000000
0.942823290824890136718750000000
0.672680437564849853515625000000
0.270142793655395507812500000000
0.270142793655395507812500000000
0.233692228794097900390625000000
0.160589724779129028320312500000
0.073102504014968872070312500000
0.073102504014968872070312500000
