55 1
48 2
47 3
47 4
48 47
49 48
49 5
50 49
50 6
53 50
52 7
51 8
51 9
52 51
53 52
54 53
54 10
55 54
56 55
56 11
91 56
60 12
57 13
57 14
59 57
58 15
58 16
59 58
60 59
68 60
65 17
64 18
61 19
61 20
63 61
62 21
62 22
63 62
64 63
65 64
66 65
66 23
67 66
67 24
68 67
77 68
69 25
69 26
70 69
70 27
75 70
71 28
71 29
74 71
72 30
72 31
73 72
73 32
74 73
75 74
76 75
76 33
77 76
90 77
83 34
82 35
78 36
78 37
81 78
79 38
79 39
80 79
80 40
81 80
82 81
83 82
89 83
85 41
84 42
84 43
85 84
88 85
86 44
86 45
87 86
87 46
88 87
89 88
90 89
91 90