1.94776
0.503064
0.405116
0.405116
0.0979487
0.0478256
0.55089
0.404612
0.955502
0.602808
0.776251
0.00580394
0.00580394
0.770447
0.782058
0.120815
1.67912
0.268639
2.92977
4.87753
2.52596
3.44615
0.943332
0.943332
0.156311
0.100493
0.100493
0.999151
2.3465
0.456859
0.707295
0.622307
0.0354964
0.0354964
0.418516
0.0155449
0.0155449
0.438468
0.168295
0.0849875
1.15151
1.8588
1.2902
3.149
0.754
0.585858
0.106511
0.106511
1.1959
1.30241
0.250927
0.01
0.01
1.37246
0.204438
0.204438
0.702289
0.906727
0.46573
0.180884
0.548459
2.1018
2.38706
1.56192
2.47295
2.26482
0.538962
0.538962
1.66851
0.0177703
0.0177703
0.36167
0.37944
1.82803
0.0573476
0.208135
1.10039
1.14728
0.204207
0.204207
0.943076
0.264563
0.142761
0.142761
0.76081
0.903572
0.508274
2.16149
2.47744
1.35271