54 1
49 2
49 3
51 49
50 4
50 5
51 50
52 51
52 6
53 52
53 7
54 53
55 54
55 8
64 55
56 9
56 10
63 56
61 11
57 12
57 13
60 57
58 14
58 15
59 58
59 16
60 59
61 60
62 61
62 17
63 62
64 63
89 64
66 18
65 19
65 20
66 65
68 66
67 21
67 22
68 67
69 68
69 23
75 69
70 24
70 25
71 70
71 26
73 71
72 27
72 28
73 72
74 73
74 29
75 74
77 75
76 30
76 31
77 76
88 77
78 32
78 33
80 78
79 34
79 35
80 79
82 80
81 36
81 37
82 81
87 82
86 38
83 39
83 40
84 83
84 41
85 84
85 42
86 85
87 86
88 87
89 88
95 89
92 43
91 44
90 45
90 46
91 90
92 91
94 92
93 47
93 48
94 93
95 94