0.0213404
0.0213404
3.33361
2.30823
0.54665
0.54665
1.76158
0.414017
1.88608
0.0124819
0.0124819
0.307159
0.0283959
0.0283959
0.291245
0.896771
1.21641
0.322835
0.202342
0.202342
0.365725
0.212056
0.0202041
0.0202041
0.191852
0.356011
0.620484
0.497762
0.497762
0.633725
0.394526
0.01
0.01
0.394526
0.73696
0.0570646
0.350696
0.178597
0.429652
0.429652
1.28819
0.168233
0.766861
1.98864
0.421578
0.421578
1.11442
0.375181
0.101453
0.101453
0.273729
0.393395
0.389899
0.389899
0.164326
0.554225
0.214351
0.767423
0.452639
0.6643
0.069304
0.632709
0.334043
0.903546
0.903546
2.78545