51 1
51 2
56 51
52 3
52 4
53 52
53 5
55 53
54 6
54 7
55 54
56 55
98 56
71 8
57 9
57 10
64 57
63 11
60 12
58 13
58 14
59 58
59 15
60 59
62 60
61 16
61 17
62 61
63 62
64 63
70 64
65 18
65 19
68 65
66 20
66 21
67 66
67 22
68 67
69 68
69 23
70 69
71 70
97 71
82 24
81 25
72 26
72 27
80 72
74 28
73 29
73 30
74 73
79 74
76 31
75 32
75 33
76 75
78 76
77 34
77 35
78 77
79 78
80 79
81 80
82 81
83 82
83 36
86 83
85 37
84 38
84 39
85 84
86 85
96 86
87 40
87 41
94 87
88 42
88 43
93 88
89 44
89 45
90 89
90 46
92 90
91 47
91 48
92 91
93 92
94 93
95 94
95 49
96 95
97 96
98 97
99 98
99 50