0.0605373
0.0605373
0.31855
0.379087
0.567877
0.0752095
0.0752095
0.871754
1.38726
0.65126
0.0985508
0.0985508
0.55271
1.68296
0.134546
0.115883
0.0795338
0.0795338
0.0363495
0.260616
0.376499
1.87614
0.01
0.01
2.11147
0.25089
0.25089
0.135379
0.386268
0.690172
0.335767
0.335767
0.740673
1.03503
0.141169
0.216126
1.63183
1.10986
1.10986
0.288092
1.39795
0.436701
0.674376
0.149297
0.0319669
0.0319669
0.11733
0.525079
1.16028
1.23207
0.358884
0.358884
0.0956663
0.454551
1.05353
0.177181
0.177181
1.04968
0.0230708
0.0230708
0.357157
0.380228
0.115674
0.495902
0.629754
1.12566
0.101203
0.281223
0.303211
1.81129
0.0325634
1.84386
1.22287
1.03387