0.535873770713806152343750000000
0.555526077747344970703125000000
1.443546772003173828125000000000
0.515593826770782470703125000000
0.029654307290911674499511718750
0.048767656087875366210937500000
0.060572158545255661010742187500
0.453974515199661254882812500000
0.091076329350471496582031250000
0.169945359230041503906250000000
0.120884463191032409667968750000
0.392873555421829223632812500000
0.573970079421997070312500000000
0.608934879302978515625000000000
0.336945742368698120117187500000
0.144835516810417175292968750000
0.153624966740608215332031250000
0.192110285162925720214843750000
0.038485318422317504882812500000
0.038485318422317504882812500000
0.034964799880981445312500000000
0.034964799880981445312500000000
0.020579474046826362609863281250
0.020579474046826362609863281250
