0.391436
0.0424619
0.0424619
0.348974
2.24621
0.267089
0.01
0.01
0.267089
0.710633
0.925759
0.925759
0.0519628
0.121866
0.294857
0.294857
0.80473
0.747919
0.821321
0.676114
0.108683
0.108683
0.567431
0.145207
1.02618
0.204949
2.05246
0.585195
0.107536
2.74519
1.06061
1.98221
1.98221
1.36452
0.429933
0.429933
2.91681
0.459056
0.05866
0.285458
0.285458
1.12725
0.340661
0.340661
0.72483
0.91647
0.91647
0.149021
0.347218
1.72779
1.52514
0.339644
0.339644
1.18549
1.61537
0.723953
0.143301
0.00165543
0.00165543
0.785696
0.48868
0.48868
0.298672
1.1974
0.643849
0.643849
1.28807
1.93192
0.0528319
2.023
9.48978
2.88572
0.0768015
0.0768015
0.188338
0.26514
0.989764
1.2549
1.63082
10.6118