0.195713
0.195713
0.460822
0.656535
0.405889
0.378255
0.0709181
0.0709181
0.307337
0.684169
2.98812
4.05055
4.44572
0.0269968
0.0269968
3.55794
0.400556
0.400556
1.1464
0.316699
0.316699
0.166907
0.483606
1.06335
0.362377
0.942457
0.942457
0.161298
0.0228585
0.0228585
0.310064
0.332923
0.770832
0.428782
0.335799
0.143628
0.143628
0.192172
0.538843
0.295931
0.295931
0.578711
0.657894
0.303893
1.83643
0.0729018
1.46108
3.37041
0.214531
0.888377
1.39802
0.461817
0.00672474
0.00672474
0.455092
0.936208
0.0155569
0.066316
0.066316
0.0341572
0.100473
1.31311
0.92222
0.376912
0.376912
0.089246
0.466158
1.60804
2.0742
0.261604
2.13752
4.02295
1.60696
0.487781
0.487781
1.65512
2.1429
2.20878
1.24073
0.01
0.01
1.24073
2.24134
1.63721
1.22185
1.22185
0.415369
1.84486
0.86961
2.4999
1.05884
1.05884
5.79275
3.25164