5.2654
0.153735
0.153735
0.827895
0.01
0.01
0.981631
3.46147
3.56648
0.576569
0.576569
0.465352
0.401849
0.401849
0.32803
0.729879
0.312042
0.411534
1.45345
2.11303
0.573362
1.47552
1.47552
0.266124
0.343683
0.343683
1.39796
0.186785
1.92843
2.21142
0.303255
0.822302
0.8298
0.613011
0.613011
1.91145
1.79823
0.126544
0.126544
0.0391507
0.165695
1.57663
1.5065
1.5065
0.235823
0.0559041
0.726233
0.112183
2.63664
1.66398
1.33079
1.33079
0.25836
1.58915
0.868665
0.99361
0.99361
0.128468
1.12208
1.33574
1.09784
0.264345
0.264345
1.02263
1.28697
0.119545
1.40652
1.05755
0.602318
0.359988
0.00178909
0.00178909
0.358199
0.24233
0.603001
0.357552
0.357552
0.0718013
0.429353
0.559545
0.988899
0.21642
1.25875
1.09158
0.744973
1.79458