2.50639
2.50639
4.19056
0.821487
0.0500432
0.0500432
0.771444
1.51418
0.0917819
0.0917819
0.222268
0.31405
1.03305
1.3471
0.98856
3.28051
1.43575
1.43575
3.05768
2.12297
0.447531
0.286999
0.286999
0.160532
0.0975707
0.545101
1.02142
0.354422
0.14407
0.126105
0.126105
0.0179648
0.210353
0.328798
0.68322
0.883302
0.556447
1.82493
0.189316
0.189316
0.274297
0.463613
0.331459
0.795072
1.43761
1.92057
0.0223457
0.0223457
1.89822
0.312118
1.16559
3.39828
0.549626
0.54552
1.12275
0.678031
0.865484
0.01
0.01
0.481601
0.481601
0.383883
5.42872
0.402754