5.85355
2.65961
2.65961
1.38858
0.395888
0.395888
3.65231
0.0344317
1.99222
1.99222
2.09041
0.291735
1.47622
0.863653
0.863653
0.612564
2.89815
0.320962
0.443261
0.443261
4.25207
1.15822
0.0210703
2.39151
0.18126
0.124524
0.124524
0.0567355
0.286041
0.150777
0.0462123
0.0462123
0.104565
0.0604495
0.0439338
0.0439338
0.167293
0.256074
1.82206
0.276005
0.276005
2.01336
0.102146
1.79456
4.18607
1.43293
0.889441
0.679608
0.679608
0.209833
1.25223
0.689112
0.0889396
0.0889396
0.600172
1.45256
1.45687
3.59854
2.02046
0.25562
0.54927
0.124948
0.124948
0.697301
0.205489
0.205489
0.61676
0.259801
1.08205
1.66224
2.74429
3.6796
0.382164
3.20312
0.559333
0.01
0.01
0.446624
0.446624
0.11271
0.661793
1.22113
1.982
0.520625
0.362766
0.362766
1.58214
0.207891
0.0667587
0.0667587
0.141132
1.51461
1.7225
0.222402
1.77884
3.08231