0.358278
0.358278
0.779424
0.771462
0.771462
0.36624
1.55511
0.129352
0.129352
0.276965
0.406317
0.640592
0.215692
0.215692
0.831217
0.171707
1.21862
1.4742
0.927171
1.91503
0.444163
0.0302669
0.0302669
0.295257
0.233695
0.140762
0.136078
0.136078
0.0046836
0.0929336
0.0918288
0.118639
1.31043
0.712254
0.712254
0.687784
1.20292
1.20292
0.197122
0.080591
0.252487
0.196626
0.196626
0.0558614
1.22814
0.273968
0.160433
1.70496
2.38781
6.0078
0.493222
4.07778
3.61617
3.14251
2.01405
0.353566
0.01
0.01
0.353566
1.66049
1.12846
0.473655
0.46161
2.42324