0.699576556682586669921875000000
1.394730448722839355468750000000
0.002625295892357826232910156250
0.117945380508899688720703125000
0.001476026838645339012145996094
0.033394124358892440795898437500
0.637099325656890869140625000000
0.801357030868530273437500000000
0.605269610881805419921875000000
0.258913278579711914062500000000
0.545378684997558593750000000000
0.095813222229480743408203125000
0.449565470218658447265625000000
0.378688544034957885742187500000
0.346356272697448730468750000000
0.264264255762100219726562500000
