0.755421
0.755421
5.06842
5.82384
3.91617
0.5222
0.5222
0.182383
0.704583
0.851535
0.0166367
0.0166367
0.328177
0.344813
0.387249
0.732062
0.124264
0.33853
0.33853
0.517796
0.680326
1.53665
0.0194669
5.16103
2.13542
1.10718
0.928063
0.928063
0.179112
1.02824
2.32668
0.231767
0.231767
0.386072
0.617839
1.25036
1.8682
2.59389
2.25506
2.99282
0.213713
0.213713
1.25157
1.46528
6.86742
2.61577
2.61577
1.09528
0.172752
0.172752
0.0162955
0.189047
3.522
0.60313
0.01
0.01
3.50871
0.184952
0.184952
0.706266
0.891217
2.58302
0.387594
0.387594
3.08664
0.0344739
0.577509
4.08622
0.227955
0.869205
2.62453
2.62453
2.55885
3.14931
1.37728
0.030037