0.133848786354064941406250000000
0.084111593663692474365234375000
0.235239014029502868652343750000
0.809754133224487304687500000000
0.385086238384246826171875000000
0.088075980544090270996093750000
0.043632239103317260742187500000
0.994861662387847900390625000000
1.734443068504333496093750000000
0.545417129993438720703125000000
0.580039322376251220703125000000
0.060786742717027664184570312500
0.745946824550628662109375000000
0.190318092703819274902343750000
0.220885172486305236816406250000
0.839345455169677734375000000000
0.901025652885437011718750000000
0.611926615238189697265625000000
0.065716594457626342773437500000
0.390614718198776245117187500000
0.324898123741149902343750000000
0.324898123741149902343750000000
0.289099007844924926757812500000
0.029441948980093002319335937500
0.259657055139541625976562500000
0.259657055139541625976562500000
