58 1
49 2
47 3
47 4
48 47
48 5
49 48
52 49
50 6
50 7
51 50
51 8
52 51
53 52
53 9
57 53
54 10
54 11
56 54
55 12
55 13
56 55
57 56
58 57
59 58
59 14
62 59
60 15
60 16
61 60
61 17
62 61
91 62
63 18
63 19
90 63
80 20
64 21
64 22
72 64
65 23
65 24
66 65
66 25
67 66
67 26
71 67
69 27
68 28
68 29
69 68
70 69
70 30
71 70
72 71
79 72
77 31
76 32
74 33
73 34
73 35
74 73
75 74
75 36
76 75
77 76
78 77
78 37
79 78
80 79
83 80
81 38
81 39
82 81
82 40
83 82
89 83
87 41
84 42
84 43
86 84
85 44
85 45
86 85
87 86
88 87
88 46
89 88
90 89
91 90