0.246971040964126586914062500000
0.663087427616119384765625000000
0.487817972898483276367187500000
0.421155184507369995117187500000
0.457946240901947021484375000000
0.190773412585258483886718750000
0.068980589509010314941406250000
0.218182995915412902832031250000
0.012708759866654872894287109375
0.197868198156356811523437500000
0.315233141183853149414062500000
0.009084449149668216705322265625
0.717113375663757324218750000000
0.387224823236465454101562500000
0.949121356010437011718750000000
0.593750238418579101562500000000
0.579470276832580566406250000000
0.697570502758026123046875000000
0.642513334751129150390625000000
0.420794248580932617187500000000
0.370195955038070678710937500000
0.521208405494689941406250000000
0.125274002552032470703125000000
0.051229819655418395996093750000
0.127347365021705627441406250000
0.412940233945846557617187500000
0.186861649155616760253906250000
0.498092442750930786132812500000
0.192638874053955078125000000000
0.394398123025894165039062500000
0.457323938608169555664062500000
0.457323938608169555664062500000
0.186652243137359619140625000000
0.221055090427398681640625000000
0.373811870813369750976562500000
0.373811870813369750976562500000
0.114212878048419952392578125000
0.311230987310409545898437500000
0.114342145621776580810546875000
0.068515188992023468017578125000
0.206059977412223815917968750000
0.029599456116557121276855468750
0.045826971530914306640625000000
0.197018057107925415039062500000
0.115629978477954864501953125000
0.197018057107925415039062500000
0.135649859905242919921875000000
0.197018057107925415039062500000
0.176460504531860351562500000000
0.176460504531860351562500000000
0.151191100478172302246093750000
0.151191100478172302246093750000
0.151191100478172302246093750000
0.012946937233209609985351562500
0.020019887015223503112792968750
0.081388093531131744384765625000
0.063773922622203826904296875000
0.063773922622203826904296875000
0.033358104526996612548828125000
0.050802558660507202148437500000
0.061368197202682495117187500000
0.061368197202682495117187500000
0.028010098263621330261230468750
0.028010098263621330261230468750
