1.02584
1.02584
1.85278
2.28001
0.01
0.01
1.201
1.201
1.07901
0.598603
1.25982
0.0878118
0.0878118
0.135535
0.13393
0.0433513
0.0433513
0.0905787
0.0609009
0.194831
0.0285155
3.04592
2.41276
2.41276
0.856507
0.869161
0.685135
1.12876
1.12876
2.06655
2.75829
1.06135
1.06135
0.164147
0.0284103
0.0284103
1.19709
0.270194
0.208453
0.208453
0.334575
0.096301
0.096301
0.446727
0.788878
0.0475145
0.0475145
1.28439
0.163786
0.645216
0.0424266
0.0424266
0.36578
0.408206
1.40379
1.81199
0.328914
0.617384
0.437018
0.310621
0.292801
0.0404645
0.0404645
0.252337
0.56303
0.195565
0.195565
0.556173
0.751739
0.104093
2.6501
1.31764