49 1
49 2
54 49
53 3
50 4
50 5
52 50
51 6
51 7
52 51
53 52
54 53
59 54
55 8
55 9
58 55
57 10
56 11
56 12
57 56
58 57
59 58
95 59
60 13
60 14
71 60
62 15
61 16
61 17
62 61
68 62
64 18
63 19
63 20
64 63
67 64
66 21
65 22
65 23
66 65
67 66
68 67
70 68
69 24
69 25
70 69
71 70
78 71
72 26
72 27
77 72
76 28
73 29
73 30
75 73
74 31
74 32
75 74
76 75
77 76
78 77
94 78
81 33
80 34
79 35
79 36
80 79
81 80
93 81
82 37
82 38
84 82
83 39
83 40
84 83
86 84
85 41
85 42
86 85
92 86
87 43
87 44
91 87
88 45
88 46
90 88
89 47
89 48
90 89
91 90
92 91
93 92
94 93
95 94