0.532262
0.45828
0.45828
0.0739819
1.63222
2.09295
1.32481
1.32481
0.0477008
1.37251
0.680501
2.05301
0.0399397
0.0715312
0.890661
0.119648
0.115421
0.115421
0.0042264
0.587871
0.707519
2.34763
2.63055
0.830375
0.830375
1.77073
1.82268
0.523023
0.01
0.01
0.523023
1.29965
0.77843
0.742966
0.895523
0.542082
0.542082
0.219028
0.76111
0.134413
2.44855
0.278096
0.322548
0.322548
1.87844
0.330283
0.330283
1.25358
0.0819322
0.0819322
1.42356
1.42998
1.28422
1.28422
0.145763
0.0755118
0.0783665
0.617128
1.14027
3.34126
0.280912
2.06353