0.659101605415344238281250000000
2.000000000000000000000000000000
0.005160259082913398742675781250
0.146052196621894836425781250000
1.335738062858581542968750000000
0.375743031501770019531250000000
0.280390769243240356445312500000
0.107978954911231994628906250000
0.230142995715141296386718750000
1.031210780143737792968750000000
0.959995329380035400390625000000
0.225586533546447753906250000000
0.616192400455474853515625000000
0.405331313610076904296875000000
0.251505196094512939453125000000
0.509124279022216796875000000000
0.088487565517425537109375000000
0.224239200353622436523437500000
0.074023932218551635742187500000
0.068653836846351623535156250000
0.055656686425209045410156250000
0.055656686425209045410156250000
