50 1
50 2
56 50
51 3
51 4
55 51
54 5
52 6
52 7
53 52
53 8
54 53
55 54
56 55
59 56
57 9
57 10
58 57
58 11
59 58
70 59
62 12
60 13
60 14
61 60
61 15
62 61
63 62
63 16
65 63
64 17
64 18
65 64
69 65
66 19
66 20
67 66
67 21
68 67
68 22
69 68
70 69
73 70
72 23
71 24
71 25
72 71
73 72
75 73
74 26
74 27
75 74
95 75
76 28
76 29
80 76
78 30
77 31
77 32
78 77
79 78
79 33
80 79
94 80
81 34
81 35
83 81
82 36
82 37
83 82
85 83
84 38
84 39
85 84
87 85
86 40
86 41
87 86
93 87
89 42
88 43
88 44
89 88
92 89
90 45
90 46
91 90
91 47
92 91
93 92
94 93
95 94
97 95
96 48
96 49
97 96