0.014295455068349838256835937500
1.977061986923217773437500000000
0.402650266885757446289062500000
0.679892897605895996093750000000
0.339857727289199829101562500000
0.223480001091957092285156250000
0.014997277408838272094726562500
1.359574198722839355468750000000
0.051571190357208251953125000000
0.917190313339233398437500000000
1.305811643600463867187500000000
0.953323841094970703125000000000
0.764623284339904785156250000000
1.293005824089050292968750000000
0.352487802505493164062500000000
0.209657311439514160156250000000
0.142830491065979003906250000000
0.142830491065979003906250000000
0.000000000000000000000000000000
0.000000000000000000000000000000
0.000000000000000000000000000000
0.000000000000000000000000000000
0.000000000000000000000000000000
0.000000000000000000000000000000
0.000000000000000000000000000000
0.000000000000000000000000000000
0.000000000000000000000000000000
0.000000000000000000000000000000
