0.920383
0.336754
0.250113
0.126675
0.126675
0.123438
0.0866409
0.583629
0.103913
0.0715741
0.0715741
0.952722
1.0215
0.656836
0.656836
1.38896
3.54327
0.419257
0.419257
0.655414
1.07467
2.08531
3.15998
2.30996
0.0221679
0.0221679
2.33776
0.381089
0.381089
1.25725
1.63834
0.721586
1.15724
0.01
0.01
1.74872
0.435495
0.435495
1.18034
1.29884
1.29884
0.316992
0.115038
0.412135
0.412135
0.863916
1.19634
0.00262332
0.00262332
0.268017
0.049273
0.049273
0.221368
0.0969381
0.367579
0.294298
0.661877
0.343943
1.00582
0.190519
0.079712
0.454822
0.0178497
1.0451
2.79382
0.723346
1.02668
0.089
0.089
1.26506
0.345393
0.345393
1.00867
1.58562
0.0663316
0.0663316
0.929757
0.996089
1.94359
1.60416
0.926097
0.119116