2.54829
1.56286
1.56286
0.439611
0.0956751
0.0956751
0.892366
0.79524
0.79524
0.192801
0.0623539
0.314224
0.314224
0.53779
0.852014
0.198381
0.0768652
1.12726
0.763282
1.45265
0.170625
0.170625
0.397348
0.567974
0.88468
0.437888
0.111928
0.545824
0.00441468
0.184698
0.184698
0.448062
0.63276
1.91995
2.73121
1.49247
1.49247
3.79146
0.480294
0.568332
0.568332
1.50851
2.07684
0.00322575
0.01
0.01
1.70762
1.70762
0.372451
0.639246
2.71931
3.0449
0.833879
4.27432
1.08571
0.273815
0.273815
0.480691
0.754507
0.331201
3.18862
1.01653
1.01491
0.242759
0.242759
0.263567
0.506326
0.508589
1.56148
1.7482
0.697724
0.425033
0.425033
0.272691
1.05047
0.696025
1.02321
0.10934
0.0436051
0.0436051
0.0657348
0.238484
0.347824
0.675388
1.42101
0.13217
2.71446
1.30725