51 1
50 2
50 3
51 50
59 51
54 4
53 5
52 6
52 7
53 52
54 53
58 54
55 8
55 9
57 55
56 10
56 11
57 56
58 57
59 58
61 59
60 12
60 13
61 60
67 61
62 14
62 15
63 62
63 16
66 63
65 17
64 18
64 19
65 64
66 65
67 66
97 67
68 20
68 21
69 68
69 22
70 69
70 23
71 70
71 24
74 71
72 25
72 26
73 72
73 27
74 73
84 74
75 28
75 29
83 75
76 30
76 31
79 76
78 32
77 33
77 34
78 77
79 78
82 79
81 35
80 36
80 37
81 80
82 81
83 82
84 83
85 84
85 38
96 85
91 39
86 40
86 41
89 86
87 42
87 43
88 87
88 44
89 88
90 89
90 45
91 90
95 91
92 46
92 47
94 92
93 48
93 49
94 93
95 94
96 95
97 96