0.675599
0.623647
0.623647
0.0519515
3.50876
0.01
0.01
0.572996
0.572996
1.60447
2.17747
2.00689
1.0322
1.37393
0.547746
0.0319797
0.0319797
0.515767
0.826182
0.957322
0.476006
0.282147
0.282147
0.19386
1.85524
0.128168
1.82727
0.264779
0.264779
0.752759
0.129892
0.129892
0.887645
0.00828605
0.787758
0.787758
0.0113104
0.00418021
0.00418021
0.18799
0.19217
0.579495
0.771665
0.0274036
0.226754
0.314985
1.34081
0.486464
0.632147
0.610176
3.0696
0.403298
1.3324
0.0798477
0.0798477
0.335821
0.415669
0.91673
2.14049
0.543983
4.01688
1.19968