45 1
45 2
47 45
46 3
46 4
47 46
59 47
49 5
48 6
48 7
49 48
53 49
52 8
51 9
50 10
50 11
51 50
52 51
53 52
55 53
54 12
54 13
55 54
58 55
56 14
56 15
57 56
57 16
58 57
59 58
87 59
61 17
60 18
60 19
61 60
73 61
69 20
64 21
62 22
62 23
63 62
63 24
64 63
68 64
65 25
65 26
66 65
66 27
67 66
67 28
68 67
69 68
72 69
71 29
70 30
70 31
71 70
72 71
73 72
83 73
75 32
74 33
74 34
75 74
82 75
76 35
76 36
81 76
79 37
77 38
77 39
78 77
78 40
79 78
80 79
80 41
81 80
82 81
83 82
86 83
84 42
84 43
85 84
85 44
86 85
87 86