2.03234
0.135336
0.135336
0.44427
0.579606
1.45273
1.38064
2.04052
2.04052
0.476111
2.51663
0.896354
0.44001
3.85299
1.00657
0.743946
0.743946
0.0482233
0.192602
0.152574
0.152574
0.0400275
0.344265
0.241359
0.241359
0.295508
0.255303
2.03468
2.82685
1.49805
3.35318
0.735629
0.735629
0.110399
0.846028
2.50715
0.971713
0.534671
0.762158
0.598939
0.598939
1.16446
1.7634
2.47772
0.143897
0.143897
3.44946
0.109822
0.109822
0.371459
0.481281
1.8007
0.01
0.01
0.305493
0.305493
1.97649
1.31137
0.647756
1.38061
0.000989298
0.23444
0.23444
0.330399
0.0206176
0.0206176
0.544221
0.877637
1.44248
1.58211
2.54664
1.22245
0.0583055
0.0583055
0.79022
0.848526
0.373927
1.32419
0.477951
1.26278
4.28737
0.319522
1.55368
1.55368
3.05321
1.01582