47 1
45 2
45 3
46 45
46 4
47 46
50 47
48 5
48 6
49 48
49 7
50 49
51 50
51 8
63 51
52 9
52 10
57 52
54 11
53 12
53 13
54 53
56 54
55 14
55 15
56 55
57 56
58 57
58 16
62 58
61 17
59 18
59 19
60 59
60 20
61 60
62 61
63 62
74 63
64 21
64 22
65 64
65 23
73 65
66 24
66 25
72 66
67 26
67 27
68 67
68 28
71 68
69 29
69 30
70 69
70 31
71 70
72 71
73 72
74 73
87 74
75 32
75 33
77 75
76 34
76 35
77 76
78 77
78 36
83 78
82 37
81 38
79 39
79 40
80 79
80 41
81 80
82 81
83 82
84 83
84 42
86 84
85 43
85 44
86 85
87 86