3.41843
0.0390845
0.0390845
0.393538
0.324204
0.0910153
0.0910153
0.233189
0.108419
2.98581
0.310261
2.28177
0.000793897
0.000793897
2.28098
0.0987692
2.17138
2.17138
0.209165
1.34815
0.389878
0.159767
0.01
0.01
0.159767
0.402072
0.427755
0.427755
0.134084
1.40118
0.170227
0.170227
0.953583
1.12381
0.671592
0.524668
0.00937191
0.00937191
0.515297
1.27073
0.167621
0.879692
0.408075
0.196173
0.196173
0.211903
0.194303
0.602378
2.24034
1.27586
5.8592
0.0606443
0.0606443
0.257076
0.240529
0.240529
0.0771911
9.66006