0.048376478254795074462890625000
0.067569650709629058837890625000
0.470816165208816528320312500000
0.262558370828628540039062500000
0.562571048736572265625000000000
0.451622992753982543945312500000
0.183282762765884399414062500000
0.424236774444580078125000000000
0.024975037202239036560058593750
0.095221623778343200683593750000
0.410775065422058105468750000000
0.179621830582618713378906250000
0.350868016481399536132812500000
0.659133791923522949218750000000
0.523412048816680908203125000000
0.217760562896728515625000000000
0.453165471553802490234375000000
0.187038764357566833496093750000
0.706339001655578613281250000000
0.079721972346305847167968750000
0.631075739860534667968750000000
0.093582659959793090820312500000
1.034623980522155761718750000000
0.317596137523651123046875000000
1.129939436912536621093750000000
0.603786349296569824218750000000
0.044707968831062316894531250000
0.184365779161453247070312500000
0.383149057626724243164062500000
0.016333589330315589904785156250
0.090805426239967346191406250000
0.941061735153198242187500000000
0.063457630574703216552734375000
0.411023616790771484375000000000
0.183743238449096679687500000000
0.323308765888214111328125000000
0.694159805774688720703125000000
0.123573780059814453125000000000
0.688769340515136718750000000000
0.134751021862030029296875000000
0.025693392381072044372558593750
0.009180692955851554870605468750
0.628749608993530273437500000000
0.550988197326660156250000000000
0.612236857414245605468750000000
0.037990629673004150390625000000
0.108954168856143951416015625000
0.036312654614448547363281250000
0.574246287345886230468750000000
0.574246287345886230468750000000
0.558489322662353515625000000000
0.463174045085906982421875000000
0.008876082487404346466064453125
0.537933707237243652343750000000
0.451470106840133666992187500000
0.280445635318756103515625000000
0.501663804054260253906250000000
0.012315297499299049377441406250
0.265343129634857177734375000000
0.061938159167766571044921875000
0.489348530769348144531250000000
0.190250724554061889648437500000
0.465292215347290039062500000000
0.147629439830780029296875000000
0.299097806215286254882812500000
0.299097806215286254882812500000
0.245707362890243530273437500000
0.245707362890243530273437500000
0.095315337181091308593750000000
0.095315337181091308593750000000
0.095315337181091308593750000000
0.095315337181091308593750000000
0.077761448919773101806640625000
0.077761448919773101806640625000
0.074682854115962982177734375000
0.023160411044955253601074218750
0.051522441208362579345703125000
0.051522441208362579345703125000
