2.000000000000000000000000000000
0.772186219692230224609375000000
0.116654776036739349365234375000
0.413430631160736083984375000000
0.495423018932342529296875000000
1.111159086227416992187500000000
0.814383149147033691406250000000
0.592163920402526855468750000000
0.222219243645668029785156250000
0.145946219563484191894531250000
0.000000000000000000000000000000
0.000000000000000000000000000000
0.000000000000000000000000000000
0.000000000000000000000000000000
0.000000000000000000000000000000
0.000000000000000000000000000000
0.000000000000000000000000000000
0.000000000000000000000000000000
