4.66294
0.476693
0.476693
1.02874
0.587499
0.0140092
0.0140092
0.573489
0.91793
3.15751
0.16426
0.0925642
0.0925642
0.208211
0.300776
4.52643
1.40575
0.24421
0.24421
1.83304
2.07725
0.935072
0.72679
0.266157
0.0722312
0.0722312
0.193926
0.460633
0.337332
0.16574
0.16574
0.898382
1.9482
1.17831
0.829162
0.400041
0.01
0.01
0.400041
0.42912
2.44614
0.166318
0.166318
1.32873
0.291774
0.291774
0.145229
0.437003
1.05804
0.458341
1.04042
1.04042
0.0244926
0.0211784
0.0211784
0.433801
0.45498
0.609936
0.00051059
1.06543
0.147145
1.21257
0.0318174
1.24439
0.709
1.32191
0.91533
2.04232