50 1
47 2
47 3
48 47
48 4
49 48
49 5
50 49
65 50
51 6
51 7
53 51
52 8
52 9
53 52
57 53
55 10
54 11
54 12
55 54
56 55
56 13
57 56
58 57
58 14
64 58
59 15
59 16
63 59
61 17
60 18
60 19
61 60
62 61
62 20
63 62
64 63
65 64
91 65
66 21
66 22
70 66
67 23
67 24
69 67
68 25
68 26
69 68
70 69
86 70
75 27
72 28
71 29
71 30
72 71
74 72
73 31
73 32
74 73
75 74
77 75
76 33
76 34
77 76
85 77
84 35
78 36
78 37
79 78
79 38
82 79
80 39
80 40
81 80
81 41
82 81
83 82
83 42
84 83
85 84
86 85
90 86
89 43
87 44
87 45
88 87
88 46
89 88
90 89
91 90