3.80426
0.764811
0.764811
0.421392
0.551574
0.551574
0.634628
2.20962
3.00877
1.20921
0.837298
0.837298
0.371917
1.79955
0.387061
0.408431
14.4911
0.150076
0.150076
0.708033
0.01
0.01
0.858109
0.753904
1.61201
2.55703
0.889434
0.151683
0.151683
0.0513203
0.203003
0.166843
0.369847
0.199108
0.568954
0.32048
3.27961
3.70788
0.645988
0.34171
0.34171
0.304279
6.05732
0.898724
0.898724
4.32365
0.101507
0.101507
1.14486
0.294224
0.294224
0.952141
2.18725
0.0233753
0.0233753
2.87252
2.89589
0.537723
0.159477
1.31211
0.49852
0.49852
0.813593
1.29884
2.61095
0.982141
0.281106
0.45224
0.45224
3.42196
1.34817
1.48094
1.17361
10.4184