0.097793266177177429199218750000
0.488210082054138183593750000000
0.062124922871589660644531250000
0.012814770452678203582763671875
0.982719361782073974609375000000
0.658453226089477539062500000000
0.363858431577682495117187500000
0.282200515270233154296875000000
0.440868973731994628906250000000
1.229589462280273437500000000000
0.628832936286926269531250000000
0.224582314491271972656250000000
0.363753139972686767578125000000
0.788720607757568359375000000000
0.298055320978164672851562500000
0.424967408180236816406250000000
0.126912072300910949707031250000
0.023210281506180763244628906250
0.103701792657375335693359375000
0.103701792657375335693359375000
