0.293130069971084594726562500000
0.322914868593215942382812500000
0.777486085891723632812500000000
0.840121924877166748046875000000
0.566751420497894287109375000000
0.816625475883483886718750000000
0.621702134609222412109375000000
0.483730852603912353515625000000
0.112549781799316406250000000000
0.866748213768005371093750000000
0.354068219661712646484375000000
0.682869732379913330078125000000
0.097279049456119537353515625000
0.445650994777679443359375000000
0.348371922969818115234375000000
0.295773535966873168945312500000
0.177588015794754028320312500000
0.177590072154998779296875000000
0.052600450813770294189453125000
0.052600450813770294189453125000
0.000000000000000000000000000000
0.000002056360244750976562500000
0.000002056360244750976562500000
0.000002056360244750976562500000
0.000000000000000000000000000000
0.000002056360244750976562500000
0.000000000000000000000000000000
0.000002056360244750976562500000
0.000002056360244750976562500000
0.000002056360244750976562500000
0.000000000000000000000000000000
0.000002056360244750976562500000
0.000002056360244750976562500000
0.000002056360244750976562500000
