0.211487621068954467773437500000
0.682388007640838623046875000000
0.560733079910278320312500000000
0.352904200553894042968750000000
0.370577275753021240234375000000
0.047486267983913421630859375000
0.004350444767624139785766601562
0.472670912742614746093750000000
1.383771419525146484375000000000
0.376983106136322021484375000000
0.653332769870758056640625000000
0.181391999125480651855468750000
1.006788253784179687500000000000
1.006788253784179687500000000000
0.883638858795166015625000000000
0.412357062101364135742187500000
0.182578980922698974609375000000
0.031088193878531455993652343750
0.229119062423706054687500000000
0.229119062423706054687500000000
0.000000000000000000000000000000
0.000000000000000000000000000000
0.000000000000000000000000000000
0.000000000000000000000000000000
0.000000000000000000000000000000
0.000000000000000000000000000000
