1.3731
1.3731
6.00648
4.08097
0.045829
0.045829
0.174365
0.220194
0.208039
0.01
0.01
0.428233
2.00936
0.393244
0.393244
2.04435
0.105443
0.658937
0.658937
0.651974
1.00009
0.587546
0.227659
0.227659
0.359888
0.412545
0.310819
1.23213
0.35328
0.550511
0.324933
0.324933
0.225577
0.489704
0.201512
0.201512
0.021789
0.15573
0.15573
0.0675705
0.816914
0.112708
0.589876
0.0280649
0.0280649
0.42867
0.456734
0.133142
0.563047
1.7434
0.37185
3.26817
0.812798
3.29861
0.410514
2.01667
0.667742
0.667742
1.34892
0.11811
2.13478
0.237051
2.37183
5.41826
8.67983
0.569538
0.569538
2.45212
3.02166
2.50175
5.52341
10.9465