0.471739
0.471739
2.33846
0.01
0.01
0.643583
0.643583
0.025544
0.669127
0.761222
1.43035
0.395332
0.531095
0.531095
0.840942
0.538771
0.118154
0.118154
0.420617
0.796715
0.533032
0.533032
0.802454
0.0365512
0.187338
0.421005
0.421005
0.980812
0.149933
0.149933
0.361628
0.117883
0.0495694
0.0495694
0.0683136
0.393678
0.0598092
0.571371
0.830446
0.157559
0.209824
1.51076
0.290761
0.290761
1.22
0.258439
0.0564817
0.63269
2.45837
0.126606
0.0218385
0.0218385
2.19026
0.623593
0.623593
1.5885
0.37288
0.225221