0.458577
0.118855
0.118855
0.33485
0.283725
0.283725
0.0795128
0.363238
0.0904669
0.00487299
4.25825
0.316563
0.316563
2.5245
1.25942
0.01
0.01
0.0257038
0.0257038
1.23372
1.58164
0.702538
3.34912
3.34912
0.194481
1.17323
4.54474
0.113795
0.113795
5.91103
0.0918192
0.0918192
5.6855
4.58135
0.422812
0.422812
0.763903
1.18672
1.38364
0.689265
0.165835
0.165835
0.523429
1.88109
0.433971
0.270446
0.270446
1.57016
1.84061
1.16372
1.57703
0.504506
0.0206307
0.0206307
0.532492
0.553122
0.140198
0.693321
2.55302
3.24634
1.33835
0.279878
0.279878
0.57932
0.859197
3.72549
0.501167
0.691467
0.247498
0.0846377
6.10946
3.15211