4.95922
0.315524
0.01
0.01
0.315524
2.87883
0.0666034
0.0666034
2.91565
1.87405
1.497
0.0668584
0.0668584
0.151747
0.218605
0.582173
0.800778
0.342985
1.14376
0.353238
0.20601
0.240304
0.240304
1.46271
0.171035
0.909293
1.36506
0.34834
0.0419037
0.0161604
0.0161604
0.0257433
0.306436
0.0383002
0.205855
0.205855
0.180785
0.593573
0.980213
0.384844
1.3338
0.0359569
0.0359569
2.6629
0.0844795
0.19891
0.212109
1.76486
0.867411
0.0838485
0.0838485
3.14231
2.75574
0.445842
0.445842
1.33597
1.78181
0.973931
0.470422
0.559309
3.78547
2.04116