1.99286
1.01211
1.01211
0.210178
1.22228
0.770576
4.93453
3.22646
0.0535528
0.0535528
0.487493
0.541046
0.00986075
0.01
0.01
0.550906
2.67555
0.397753
1.35462
1.26897
0.411265
0.210401
0.138914
0.138914
0.0714871
0.200864
0.857707
0.0856513
1.2372
0.350537
0.350537
0.859655
1.21019
1.38164
0.540491
3.13232
0.491891
1.96981
2.7432
0.0775309
0.0775309
0.138695
0.216226
1.79725
0.0524102
0.0524102
1.96107
0.44411
2.45759
0.285609
0.585331
0.29047
0.0656405
0.0656405
0.22483
1.0142
1.30467
0.00861603
0.969609
0.969609
0.343681
2.01524
2.26549
1.33337