0.563515961170196533203125000000
0.142302721738815307617187500000
1.343300819396972656250000000000
0.239778280258178710937500000000
0.491671979427337646484375000000
0.915601074695587158203125000000
0.156499505043029785156250000000
0.221120715141296386718750000000
1.279984593391418457031250000000
0.023533890023827552795410156250
0.300201565027236938476562500000
0.617134153842926025390625000000
0.597501635551452636718750000000
0.085930824279785156250000000000
0.116654962301254272460937500000
0.076651044189929962158203125000
0.879598200321197509765625000000
0.058784957975149154663085937500
0.702318012714385986328125000000
0.400766253471374511718750000000
0.000422819139203056693077087402
0.083831347525119781494140625000
0.052563689649105072021484375000
0.638893783092498779296875000000
0.586330115795135498046875000000
0.100954465568065643310546875000
0.129191696643829345703125000000
0.519004702568054199218750000000
0.514396429061889648437500000000
0.512103140354156494140625000000
0.485375642776489257812500000000
0.122095972299575805664062500000
0.363279700279235839843750000000
0.296160489320755004882812500000
0.301551699638366699218750000000
0.149088591337203979492187500000
0.067119203507900238037109375000
0.067119203507900238037109375000
0.036480583250522613525390625000
0.036480583250522613525390625000
0.002293303608894348144531250000
0.002293303608894348144531250000
0.000000000000000000000000000000
0.000000000000000000000000000000
0.000000000000000000000000000000
0.000000000000000000000000000000
0.000000000000000000000000000000
0.000000000000000000000000000000
0.000000000000000000000000000000
0.000000000000000000000000000000
