81 1
48 2
48 3
52 48
50 4
49 5
49 6
50 49
51 50
51 7
52 51
53 52
53 8
80 53
55 9
54 10
54 11
55 54
59 55
58 12
57 13
56 14
56 15
57 56
58 57
59 58
61 59
60 16
60 17
61 60
65 61
64 18
63 19
62 20
62 21
63 62
64 63
65 64
79 65
66 22
66 23
76 66
68 24
67 25
67 26
68 67
69 68
69 27
70 69
70 28
72 70
71 29
71 30
72 71
75 72
73 31
73 32
74 73
74 33
75 74
76 75
78 76
77 34
77 35
78 77
79 78
80 79
81 80
93 81
82 36
82 37
84 82
83 38
83 39
84 83
89 84
88 40
85 41
85 42
87 85
86 43
86 44
87 86
88 87
89 88
92 89
91 45
90 46
90 47
91 90
92 91
93 92