0.041036
0.041036
4.90919
0.01
0.01
1.08568
0.0479639
0.0479639
0.10272
0.150684
0.577629
0.443898
0.142048
0.142048
0.30185
0.284416
0.357371
1.99512
3.0808
0.151829
3.23263
0.563237
0.664502
0.664502
1.77837
1.17961
0.54233
0.54233
0.637278
0.9129
2.09251
0.0944006
0.720806
0.720806
0.314413
1.03522
0.166126
0.802333
0.802333
0.399013
0.985563
0.255968
1.35299
0.417208
0.555396
0.555396
0.804225
1.35962
0.525247
0.0737161
0.0737161
1.30869
0.432885
0.00253567
0.00253567
0.430349
0.486998
0.158739
0.158739
0.761144
0.462522
0.376434
1.75884
0.126029
0.0963019
1.23501
1.23501
0.746162
1.77657
3.75774
0.455338
0.737145