47 1
47 2
49 47
48 3
48 4
49 48
52 49
50 5
50 6
51 50
51 7
52 51
63 52
55 8
53 9
53 10
54 53
54 11
55 54
62 55
56 12
56 13
59 56
58 14
57 15
57 16
58 57
59 58
61 59
60 17
60 18
61 60
62 61
63 62
74 63
64 19
64 20
73 64
65 21
65 22
69 65
66 23
66 24
68 66
67 25
67 26
68 67
69 68
72 69
71 27
70 28
70 29
71 70
72 71
73 72
74 73
85 74
84 30
75 31
75 32
76 75
76 33
77 76
77 34
78 77
78 35
82 78
80 36
79 37
79 38
80 79
81 80
81 39
82 81
83 82
83 40
84 83
85 84
91 85
87 41
86 42
86 43
87 86
88 87
88 44
89 88
89 45
90 89
90 46
91 90