0.227953
0.227953
0.621551
0.201035
0.201035
0.648469
0.0822298
0.309724
0.309724
0.0105141
0.320238
0.611496
0.690391
0.487901
0.0818705
0.0818705
0.0897044
0.171575
0.316326
0.771695
0.405238
0.405238
0.273228
0.318219
0.119352
0.119352
0.198868
0.360248
0.142344
0.0868875
0.0868875
0.733923
0.438786
0.362529
1.93558
0.385998
0.385998
1.74856
0.01
0.01
0.908891
0.492668
0.492668
0.278766
0.378636
0.378636
0.392798
0.137457
0.92432
1.39918
0.0656114
0.0656114
1.33357
0.434032
0.30135
1.42315
0.35248
1.63497
0.00710472
0.00710472
0.30951
0.316614
0.067825
0.384439
0.00423273
0.388672
0.700012
0.912219
0.542461
0.542461
0.369757
0.01434
0.926559
0.162125
0.334584
1.42327
0.211706
2.27521
0.964052
0.131068
0.127021
0.127021
0.00404673
0.0666822
0.19775
0.315509
0.513259
0.570168
1.08343
3.79081