1.01563
1.01563
0.0877479
0.103856
0.103856
0.999517
0.00900442
0.572868
0.572868
0.53951
4.95478
0.0100333
0.0100333
4.19152
1.45156
1.45156
0.99833
0.00298678
0.00298678
1.68234
0.138858
0.138858
0.808543
0.728433
0.01
0.01
0.728433
0.00770157
0.597616
0.597616
0.138519
0.211266
0.737928
0.764566
1.75166
1.8656
2.1588
0.0987554
0.0987554
1.58896
1.68772
2.11045
0.351108
0.351108
0.0264403
0.377549
3.42062
0.213474
0.187395
0.187395
3.82425
3.71555
1.15305
1.11898
1.11898
0.0340719
2.02451
0.234235
0.234235
2.94333
4.54962
0.498764