47 1
47 2
49 47
48 3
48 4
49 48
59 49
50 5
50 6
52 50
51 7
51 8
52 51
53 52
53 9
58 53
55 10
54 11
54 12
55 54
57 55
56 13
56 14
57 56
58 57
59 58
64 59
61 15
60 16
60 17
61 60
63 61
62 18
62 19
63 62
64 63
65 64
65 20
89 65
66 21
66 22
73 66
72 23
67 24
67 25
70 67
68 26
68 27
69 68
69 28
70 69
71 70
71 29
72 71
73 72
87 73
74 30
74 31
78 74
77 32
76 33
75 34
75 35
76 75
77 76
78 77
80 78
79 36
79 37
80 79
86 80
81 38
81 39
82 81
82 40
85 82
84 41
83 42
83 43
84 83
85 84
86 85
87 86
88 87
88 44
89 88
91 89
90 45
90 46
91 90