1.8168
1.8168
1.97481
1.53834
0.958636
0.179189
0.179189
0.779447
0.579702
0.204644
1.1897
1.1897
0.553281
0.509271
2.25225
1.53936
0.19603
0.692698
0.692698
3.27883
3.25657
0.160844
0.160844
0.805163
0.966007
2.29056
0.71496
0.0161065
1.07025
0.542559
0.542559
0.0670635
0.518136
0.518136
0.0914874
1.77539
1.12823
0.698727
0.698727
0.218494
0.245383
0.213172
0.01
0.01
0.131516
0.131516
0.0816561
0.0322108
0.671839
0.211004
1.25678
0.0428136
0.347521
0.347521
2.0803
1.03801
0.198567
0.198567
0.933987
0.293585
0.293585
0.838968
1.00785
0.671278
0.671278
1.46912
1.32543
1.59206