2.45125
2.45125
2.459
1.34692
1.34692
1.37333
1.2206
1.2206
0.600397
0.751978
0.751978
1.06902
0.278053
0.479608
0.479608
0.24377
0.176881
0.176881
0.111155
0.288036
0.435342
0.109712
0.833091
1.26596
0.621205
0.0743939
0.252074
0.0428687
0.0428687
0.209205
1.56602
1.58306
1.58306
0.235039
0.436622
2.25472
0.539926
2.1156
0.0618224
0.335428
0.0857965
0.0857965
0.249632
0.0880574
0.423485
0.260206
0.683692
1.86299
0.526937
0.526937
0.773102
0.133283
0.133283
0.221538
0.354821
0.945218
1.24664
1.50432
4.051
0.48153
3.46694
0.721662
0.721662
0.265562
0.814258
0.814258
0.172965
0.996786
1.98401
0.742254
0.01
0.01
0.00182555
0.00182555
2.72444
0.740673
1.0656
0.439535