1.17142
0.227045
0.227045
0.944378
2.0186
0.294209
0.294209
0.478451
0.77266
1.97988
1.63348
0.880845
0.0608168
0.0608168
0.820028
0.752633
0.187775
0.249399
0.249399
1.33277
1.13558
0.142906
0.142906
0.99267
0.154526
0.0393151
0.0393151
1.25079
0.292069
0.225818
0.00781202
0.00781202
0.332403
0.340215
1.46777
0.0132649
0.146243
0.000729577
0.000729577
0.523718
0.524447
1.35473
0.358558
0.01
0.01
0.358558
1.52062
0.0883179
0.139448
1.97725
1.97725
0.129694
0.645593
0.437487
1.92112
1.61562
1.61562
0.110867
1.21416
1.21416
0.512329
3.38465
8.82892
0.788479
0.285351
0.285351
0.503128
0.693374
1.48185
12.4582