0.730470240116119384765625000000
0.809815168380737304687500000000
0.079344928264617919921875000000
0.153854340314865112304687500000
0.517337024211883544921875000000
0.385655462741851806640625000000
0.688697040081024169921875000000
0.201508268713951110839843750000
0.847891926765441894531250000000
0.584894478321075439453125000000
0.984078884124755859375000000000
0.292454957962036132812500000000
0.445387423038482666015625000000
0.299654126167297363281250000000
0.407976001501083374023437500000
0.254667013883590698242187500000
0.530780911445617675781250000000
0.029293145984411239624023437500
0.504875302314758300781250000000
0.081752508878707885742187500000
0.021935215219855308532714843750
0.501487731933593750000000000000
0.169131323695182800292968750000
0.021351721137762069702148437500
0.480136036872863769531250000000
0.034621674567461013793945312500
0.195720732212066650390625000000
0.445514351129531860351562500000
0.402065038681030273437500000000
0.418180823326110839843750000000
0.359141975641250610351562500000
0.359141975641250610351562500000
0.332356393337249755859375000000
0.332356393337249755859375000000
0.248755991458892822265625000000
0.264871776103973388671875000000
0.249793633818626403808593750000
0.249793633818626403808593750000
0.016115795820951461791992187500
0.016115795820951461791992187500
0.007788870017975568771362304688
0.016115795820951461791992187500
0.008326927199959754943847656250
0.008326927199959754943847656250
0.000000000000000000000000000000
0.000000000000000000000000000000
0.000000000000000000000000000000
0.000000000000000000000000000000
