51 1
51 2
52 51
52 3
79 52
54 4
53 5
53 6
54 53
55 54
55 7
56 55
56 8
62 56
57 9
57 10
61 57
59 11
58 12
58 13
59 58
60 59
60 14
61 60
62 61
72 62
71 15
65 16
64 17
63 18
63 19
64 63
65 64
70 65
66 20
66 21
69 66
67 22
67 23
68 67
68 24
69 68
70 69
71 70
72 71
78 72
73 25
73 26
74 73
74 27
75 74
75 28
77 75
76 29
76 30
77 76
78 77
79 78
99 79
80 31
80 32
84 80
82 33
81 34
81 35
82 81
83 82
83 36
84 83
86 84
85 37
85 38
86 85
89 86
87 39
87 40
88 87
88 41
89 88
90 89
90 42
93 90
91 43
91 44
92 91
92 45
93 92
98 93
96 46
94 47
94 48
95 94
95 49
96 95
97 96
97 50
98 97
99 98