0.0397384
0.0397384
1.40244
0.196914
0.196914
0.0188854
0.215799
1.22638
0.582474
0.134521
0.134521
1.2109
1.34542
0.679233
0.738197
1.28961
1.17389
1.17389
0.115717
1.22474
2.36424
1.3306
0.757747
0.757747
0.521124
0.0233691
0.0233691
0.191626
0.214995
0.333505
0.548499
0.51147
1.05997
0.218902
0.0517333
0.993196
1.66284
0.143503
0.143503
0.382057
0.211078
0.211078
0.314481
1.13729
0.660955
0.040438
0.150105
0.248505
0.0792034
1.38274
1.38274
1.45931
2.93233
3.6253
3.6253
1.68654
1.46826
0.771302
0.771302
0.69258
0.861285
0.861285
0.602598
0.00438049
0.485236
0.777407
0.01
0.01
0.473223
0.473223
0.304184
1.17609
1.99133
1.56124
0.268295
0.268295
1.29295
2.38359
1.36701
0.46254