48 1
47 2
47 3
48 47
49 48
49 4
67 49
53 5
50 6
50 7
52 50
51 8
51 9
52 51
53 52
54 53
54 10
56 54
55 11
55 12
56 55
64 56
61 13
57 14
57 15
59 57
58 16
58 17
59 58
60 59
60 18
61 60
63 61
62 19
62 20
63 62
64 63
66 64
65 21
65 22
66 65
67 66
91 67
71 23
70 24
69 25
68 26
68 27
69 68
70 69
71 70
75 71
72 28
72 29
74 72
73 30
73 31
74 73
75 74
90 75
76 32
76 33
89 76
77 34
77 35
88 77
80 36
78 37
78 38
79 78
79 39
80 79
87 80
85 40
82 41
81 42
81 43
82 81
84 82
83 44
83 45
84 83
85 84
86 85
86 46
87 86
88 87
89 88
90 89
91 90