0.486072003841400146484375000000
0.125257283449172973632812500000
0.076196342706680297851562500000
0.966375827789306640625000000000
1.251386284828186035156250000000
0.311315298080444335937500000000
0.074415363371372222900390625000
0.190042793750762939453125000000
0.573501646518707275390625000000
1.310217618942260742187500000000
0.400146752595901489257812500000
0.139119476079940795898437500000
0.549468517303466796875000000000
0.170919656753540039062500000000
0.381189316511154174804687500000
0.367923796176910400390625000000
0.202443838119506835937500000000
0.318850964307785034179687500000
0.547160089015960693359375000000
0.189074739813804626464843750000
0.011229839175939559936523437500
0.244238525629043579101562500000
0.226526498794555664062500000000
0.419605165719985961914062500000
0.302921473979949951171875000000
0.302920460700988769531250000000
0.029926300048828125000000000000
0.300650000572204589843750000000
0.270723700523376464843750000000
0.270723700523376464843750000000
0.129294887185096740722656250000
0.129293873906135559082031250000
0.107571355998516082763671875000
0.088147237896919250488281250000
0.019424116238951683044433593750
0.019425129517912864685058593750
0.000001013278961181640625000000
0.000001013278961181640625000000
0.000000000000000000000000000000
0.000001013278961181640625000000
0.000001013278961181640625000000
0.000001013278961181640625000000
0.000001013278961181640625000000
0.000001013278961181640625000000
0.000000000000000000000000000000
0.000001013278961181640625000000
0.000000000000000000000000000000
0.000001013278961181640625000000
0.000001013278961181640625000000
0.000001013278961181640625000000
0.000001013278961181640625000000
0.000001013278961181640625000000
0.000001013278961181640625000000
0.000001013278961181640625000000
0.000001013278961181640625000000
0.000001013278961181640625000000
