52 1
51 2
51 3
52 51
58 52
53 4
53 5
54 53
54 6
56 54
55 7
55 8
56 55
57 56
57 9
58 57
99 58
60 10
59 11
59 12
60 59
83 60
61 13
61 14
64 61
63 15
62 16
62 17
63 62
64 63
67 64
65 18
65 19
66 65
66 20
67 66
72 67
71 21
68 22
68 23
70 68
69 24
69 25
70 69
71 70
72 71
82 72
73 26
73 27
75 73
74 28
74 29
75 74
78 75
77 30
76 31
76 32
77 76
78 77
81 78
79 33
79 34
80 79
80 35
81 80
82 81
83 82
98 83
84 36
84 37
85 84
85 38
97 85
86 39
86 40
87 86
87 41
96 87
88 42
88 43
89 88
89 44
90 89
90 45
91 90
91 46
92 91
92 47
95 92
94 48
93 49
93 50
94 93
95 94
96 95
97 96
98 97
99 98