0.128831148147583007812500000000
0.128831148147583007812500000000
1.871165871620178222656250000000
0.442371934652328491210937500000
1.871165871620178222656250000000
0.952108025550842285156250000000
0.018079554662108421325683593750
0.228154808282852172851562500000
0.203570082783699035644531250000
0.582782268524169921875000000000
0.919057905673980712890625000000
0.892918348312377929687500000000
0.212202519178390502929687500000
0.073479309678077697753906250000
0.544380486011505126953125000000
0.239129871129989624023437500000
0.058186978101730346679687500000
0.405657321214675903320312500000
0.197863757610321044921875000000
0.305250644683837890625000000000
0.026142407208681106567382812500
0.026142407208681106567382812500
0.000000000000000000000000000000
0.000002861022949218750000000000
0.000000000000000000000000000000
0.000002861022949218750000000000
0.000000000000000000000000000000
0.000002861022949218750000000000
0.000000000000000000000000000000
0.000002861022949218750000000000
0.000000000000000000000000000000
0.000002861022949218750000000000
0.000000000000000000000000000000
0.000002861022949218750000000000
0.000000000000000000000000000000
0.000002861022949218750000000000
0.000002861022949218750000000000
0.000002861022949218750000000000
0.000000000000000000000000000000
0.000002861022949218750000000000
0.000000000000000000000000000000
0.000002861022949218750000000000
0.000002861022949218750000000000
0.000002861022949218750000000000
0.000002861022949218750000000000
0.000002861022949218750000000000
