0.457441
0.457441
0.603231
1.06067
1.80442
1.72831
0.367013
0.367013
0.940606
1.30762
0.420691
1.13678
0.525444
1.21184
0.0648914
0.01
0.01
0.0648914
1.05885
0.332416
0.332416
0.791326
0.0880988
1.93865
0.518345
0.518345
0.137629
0.493119
0.493119
0.162855
2.34346
1.26396
1.05029
1.05029
0.213673
1.73548
0.151055
0.240043
7.12138
2.83959
0.666166
0.666166
2.17343
2.3867
0.531423
0.531423
0.54189
0.182771
0.182771
0.890542
3.53747
0.583083
0.583083
0.2033
0.287893
0.188968
0.188968
0.098925
0.430701
0.718595
0.0677887
3.8244
0.615511
3.542
2.35019
0.0205368
0.0205368
0.38019
0.400727
1.94946
0.214071
0.119217
0.119217
1.42272
0.518203
0.518203
1.02373
0.117741
1.65968
0.0404392
0.141227
0.141227
0.822144
0.25348
0.25348
0.709891
0.736743
0.864145
2.18134
4.7456
0.588421
0.459542
0.459542
1.4416
1.90114
3.43288
3.43427
1.74363