2.04698
0.690058
0.531521
0.01
0.01
0.531521
0.0324139
0.563935
0.126124
0.038279
0.696827
0.312126
0.312126
0.0429436
0.0497102
0.0497102
0.30536
0.341757
0.0315105
1.09617
1.12437
0.398546
0.398546
0.071372
0.469918
0.654457
0.700128
0.222478
0.449206
0.966413
0.0138694
0.0138694
0.952544
0.170776
1.13719
1.359
0.138525
1.6284
0.154148
0.154148
0.0632314
0.21738
0.661416
0.670183
0.301379
0.301379
0.368803
0.0506761
0.0608405
0.0608405
0.660018
0.14738
0.406469
0.0144035
0.0144035
0.0279373
0.0423407
0.364129
0.461769
0.0105578
0.749599
1.00632