1.19934
1.19934
1.45299
1.54393
0.798336
0.798336
0.745594
1.1084
0.736032
1.50914
0.251328
0.251328
1.25781
0.0448215
0.213821
0.0238749
0.0238749
0.189946
1.34014
1.83441
0.226502
1.53494
0.672776
0.672776
0.862162
1.6857
0.955688
0.213013
0.213013
0.572511
0.0252382
0.0252382
0.760286
0.170164
1.28657
2.24226
0.978382
0.390568
0.837032
0.305524
0.305524
0.531508
2.26062
3.09766
0.513549
0.00366298
2.42965
0.375652
0.375652
0.201272
0.576924
2.97029
0.0442569
0.0442569
2.3025
0.01
0.01
0.716182
0.716182
1.63058
1.20046
2.49731