51 1
51 2
52 51
52 3
54 52
53 4
53 5
54 53
85 54
60 6
58 7
55 8
55 9
57 55
56 10
56 11
57 56
58 57
59 58
59 12
60 59
67 60
61 13
61 14
66 61
65 15
64 16
62 17
62 18
63 62
63 19
64 63
65 64
66 65
67 66
84 67
68 20
68 21
71 68
69 22
69 23
70 69
70 24
71 70
73 71
72 25
72 26
73 72
83 73
74 27
74 28
81 74
75 29
75 30
78 75
76 31
76 32
77 76
77 33
78 77
80 78
79 34
79 35
80 79
81 80
82 81
82 36
83 82
84 83
85 84
87 85
86 37
86 38
87 86
89 87
88 39
88 40
89 88
99 89
98 41
90 42
90 43
92 90
91 44
91 45
92 91
95 92
94 46
93 47
93 48
94 93
95 94
97 95
96 49
96 50
97 96
98 97
99 98