"","x"
"Cospeciations",4
"Host_Speciations",5
"Host_Extinctions",8
"Symbiont_Speciations",4
"Symbiont_Extinctions",7
"Host_Spread/Switches",NA
"Dispersals",NA
"Extirpations",NA
"Parafit_Stat",NA
"Parafit_P-value",NA
