"","x"
"Cospeciations",64
"Host_Speciations",30
"Host_Extinctions",23
"Symbiont_Speciations",26
"Symbiont_Extinctions",40
"Host_Spread/Switches",1
"Dispersals",NA
"Extirpations",NA
"Parafit_Stat",11544.1507061294
"Parafit_P-value",0.01
