48 1
46 2
46 3
47 46
47 4
48 47
51 48
50 5
49 6
49 7
50 49
51 50
89 51
52 8
52 9
53 52
53 10
57 53
54 11
54 12
56 54
55 13
55 14
56 55
57 56
60 57
59 15
58 16
58 17
59 58
60 59
88 60
65 18
64 19
62 20
61 21
61 22
62 61
63 62
63 23
64 63
65 64
87 65
86 24
66 25
66 26
82 66
69 27
68 28
67 29
67 30
68 67
69 68
81 69
78 31
75 32
70 33
70 34
74 70
72 35
71 36
71 37
72 71
73 72
73 38
74 73
75 74
76 75
76 39
77 76
77 40
78 77
80 78
79 41
79 42
80 79
81 80
82 81
85 82
83 43
83 44
84 83
84 45
85 84
86 85
87 86
88 87
89 88