51 1
49 2
49 3
50 49
50 4
51 50
54 51
53 5
52 6
52 7
53 52
54 53
58 54
55 8
55 9
57 55
56 10
56 11
57 56
58 57
59 58
59 12
60 59
60 13
62 60
61 14
61 15
62 61
71 62
63 16
63 17
64 63
64 18
70 64
66 19
65 20
65 21
66 65
69 66
67 22
67 23
68 67
68 24
69 68
70 69
71 70
77 71
72 25
72 26
73 72
73 27
76 73
75 28
74 29
74 30
75 74
76 75
77 76
95 77
84 31
78 32
78 33
83 78
82 34
81 35
79 36
79 37
80 79
80 38
81 80
82 81
83 82
84 83
86 84
85 39
85 40
86 85
87 86
87 41
93 87
92 42
89 43
88 44
88 45
89 88
91 89
90 46
90 47
91 90
92 91
93 92
94 93
94 48
95 94