51 1
50 2
50 3
51 50
97 51
77 4
76 5
56 6
55 7
54 8
53 9
52 10
52 11
53 52
54 53
55 54
56 55
57 56
57 12
75 57
65 13
58 14
58 15
61 58
60 16
59 17
59 18
60 59
61 60
64 61
63 19
62 20
62 21
63 62
64 63
65 64
66 65
66 22
67 66
67 23
74 67
68 24
68 25
69 68
69 26
71 69
70 27
70 28
71 70
73 71
72 29
72 30
73 72
74 73
75 74
76 75
77 76
96 77
78 31
78 32
79 78
79 33
84 79
81 34
80 35
80 36
81 80
82 81
82 37
83 82
83 38
84 83
95 84
86 39
85 40
85 41
86 85
94 86
92 42
87 43
87 44
91 87
89 45
88 46
88 47
89 88
90 89
90 48
91 90
92 91
93 92
93 49
94 93
95 94
96 95
97 96