3.75559
0.806145
0.806145
2.94945
15.5662
7.09493
6.61167
2.1351
0.559978
0.476409
0.299084
0.01
0.01
0.299084
0.177325
0.0835684
1.57512
0.805621
2.94072
2.89366
1.74156
0.0751059
0.0751059
0.606009
0.333573
0.129414
0.129414
0.204159
0.347542
0.917508
0.0873014
0.0696706
0.0696706
0.0176307
1.51132
0.14294
0.629013
2.37058
0.235043
2.60562
2.32442
0.533375
0.533375
1.86862
2.402
0.0988305
0.448171
0.448171
2.05266
0.956846
0.588647
0.588647
2.86903
1.47237
0.904346
0.777287
0.483261
3.33648
0.0715275
0.0715275
1.21615
1.28767
1.0496
0.677549
0.0913851
0.0913851
0.586164
0.299323
0.976872
0.0374662
1.01434
1.32294
1.44591
2.92372
0.513428
0.513428
2.41029
0.652732
1.72858
0.34709
0.34709
0.229691
0.0263269
0.00631978
0.00631978
0.0200071
0.00873006
0.035057
0.541723
1.1518
0.0733456
1.80192
1.77453
0.206736
6.64822
8.89035