0.545074939727783203125000000000
2.000000000000000000000000000000
0.146310210227966308593750000000
0.727476716041564941406250000000
0.191947281360626220703125000000
0.518803954124450683593750000000
0.535501182079315185546875000000
0.030388010665774345397949218750
0.505113184452056884765625000000
0.505113184452056884765625000000
0.003913690801709890365600585938
0.063161320984363555908203125000
0.204730808734893798828125000000
0.204730808734893798828125000000
0.145483180880546569824218750000
0.145483180880546569824218750000
0.000000000000000000000000000000
0.000000000000000000000000000000
0.000000000000000000000000000000
0.000000000000000000000000000000
