1.091203570365905761718750000000
0.122735574841499328613281250000
1.201096653938293457031250000000
0.163095131516456604003906250000
1.005700945854187011718750000000
0.148749977350234985351562500000
0.016912199556827545166015625000
0.929403126239776611328125000000
0.505124688148498535156250000000
0.157540082931518554687500000000
0.088639006018638610839843750000
0.113148286938667297363281250000
0.439563781023025512695312500000
0.036970391869544982910156250000
0.595318973064422607421875000000
0.595319986343383789062500000000
0.403670668601989746093750000000
0.403670668601989746093750000000
0.180264472961425781250000000000
0.180265486240386962890625000000
0.000000000000000000000000000000
0.000001013278961181640625000000
0.000000000000000000000000000000
0.000001013278961181640625000000
0.000000000000000000000000000000
0.000001013278961181640625000000
0.000001013278961181640625000000
0.000001013278961181640625000000
0.000000000000000000000000000000
0.000001013278961181640625000000
0.000000000000000000000000000000
0.000001013278961181640625000000
0.000001013278961181640625000000
0.000001013278961181640625000000
0.000000000000000000000000000000
0.000001013278961181640625000000
0.000001013278961181640625000000
0.000001013278961181640625000000
0.000001013278961181640625000000
0.000001013278961181640625000000
