0.0455884
0.0455884
1.28727
0.505172
0.297035
0.297035
0.208137
0.827689
11.0553
4.95451
0.402336
0.402336
0.295157
0.697493
0.627022
1.29322
1.1392
1.1392
0.154018
0.0312986
3.63
1.76007
0.01
0.01
0.050724
0.0495031
0.0495031
0.00122084
0.0523896
0.103114
4.63254
1.1328
0.277555
0.21583
0.21583
0.0617251
0.85524
3.60285
1.97893
1.29982
0.394099
0.394099
0.738325
0.47603
0.47603
0.656395
4.36048
1.30441
0.472019
0.466277
0.466277
0.00574192
0.180256
0.652275
0.652132
2.36128
3.66569
1.82722
0.0445243
2.09203
2.09203
1.21472
1.77786
0.179804
0.179804
1.59806
1.52889
1.19206
4.49881
0.52511
3.01492
3.01492
0.0466245
0.349238
0.349238
0.017086
0.366324
2.69522
1.96238
0.513502
2.47698
4.37372