1.084593296051025390625000000000
1.966141939163208007812500000000
0.227650001645088195800781250000
0.881548583507537841796875000000
0.653898596763610839843750000000
0.687756597995758056640625000000
0.033857613801956176757812500000
0.033858016133308410644531250000
0.033857613801956176757812500000
0.033857613801956176757812500000
0.033857613801956176757812500000
0.033857613801956176757812500000
0.000000000000000000000000000000
0.000000402331352233886718750000
0.000000000000000000000000000000
0.000000402331352233886718750000
0.000000402331352233886718750000
0.000000402331352233886718750000
0.000000402331352233886718750000
0.000000402331352233886718750000
0.000000402331352233886718750000
0.000000402331352233886718750000
0.000000402331352233886718750000
0.000000402331352233886718750000
0.000000402331352233886718750000
0.000000402331352233886718750000
