"","x"
"Cospeciations",NA
"Host_Speciations",18
"Host_Extinctions",1
"Symbiont_Speciations",24
"Symbiont_Extinctions",14
"Host_Spread/Switches",3
"Dispersals",NA
"Extirpations",NA
"Parafit_Stat",1136.72373868659
"Parafit_P-value",0.04
