1.9457
0.1038
0.0822042
0.0822042
0.0215962
1.8419
2.48732
2.2036
2.2036
1.5717
1.16402
1.16402
2.61128
0.657722
0.112087
0.392384
0.392384
2.38385
2.77624
1.76887
0.023142
0.579143
0.01
0.01
0.579143
0.179075
0.342423
0.00951128
0.00951128
0.332912
0.415795
1.57746
2.33568
1.24735
2.55714
0.462408
0.462408
0.379071
0.841479
0.59516
0.137059
0.137059
1.29958
1.09548
0.564557
0.564557
1.54176
0.784652
0.436096
0.00915801
0.00915801
0.426938
0.348556
1.32167
0.425801
0.0250193
1.02588
0.985228
1.92411
1.4638
1.4638
0.799139
0.483398
0.483398
1.77954
0.754352
3.01729
3.47507