0.264564752578735351562500000000
0.589910447597503662109375000000
0.539718806743621826171875000000
0.067464731633663177490234375000
0.314915895462036132812500000000
0.397894799709320068359375000000
0.065045624971389770507812500000
0.537578284740447998046875000000
0.357092171907424926757812500000
0.415086388587951660156250000000
0.047645557671785354614257812500
0.301045745611190795898437500000
0.253400206565856933593750000000
0.253400206565856933593750000000
0.243051558732986450195312500000
0.151515811681747436523437500000
0.091535747051239013671875000000
0.091535747051239013671875000000
0.000000000000000000000000000000
0.000000000000000000000000000000
0.000000000000000000000000000000
0.000000000000000000000000000000
