1.94002
0.77097
0.77097
1.16905
2.09566
0.807333
0.807333
2.80391
0.43326
0.347901
0.01
0.01
0.347901
0.0853594
0.500251
0.933511
0.400875
1.33439
2.27685
0.424444
0.259589
3.10669
1.09145
0.541102
0.541102
0.550351
1.15825
1.86829
0.0858931
0.0858931
1.7824
0.381418
0.856977
0.811858
0.0174801
0.0174801
0.343033
0.360514
3.55803
0.376729
3.58951
2.47703
2.47703
0.664405
1.91844
0.947208
0.174887
0.174887
0.772321
0.971235
0.66111
2.0422
2.0422
0.537352
0.561886
0.578577
0.677986
0.677986
1.07555
0.0625159
0.0625159
1.69102
0.668974
1.91197
1.91197
0.510535
1.29751
4.16476