48 1
48 2
50 48
49 3
49 4
50 49
51 50
51 5
62 51
52 6
52 7
61 52
53 8
53 9
60 53
54 10
54 11
58 54
55 12
55 13
57 55
56 14
56 15
57 56
58 57
59 58
59 16
60 59
61 60
62 61
93 62
64 17
63 18
63 19
64 63
66 64
65 20
65 21
66 65
72 66
67 22
67 23
71 67
69 24
68 25
68 26
69 68
70 69
70 27
71 70
72 71
82 72
73 28
73 29
74 73
74 30
81 74
77 31
76 32
75 33
75 34
76 75
77 76
79 77
78 35
78 36
79 78
80 79
80 37
81 80
82 81
88 82
83 38
83 39
85 83
84 40
84 41
85 84
86 85
86 42
87 86
87 43
88 87
89 88
89 44
92 89
90 45
90 46
91 90
91 47
92 91
93 92