52 1
51 2
51 3
52 51
57 52
53 4
53 5
56 53
55 6
54 7
54 8
55 54
56 55
57 56
87 57
59 9
58 10
58 11
59 58
61 59
60 12
60 13
61 60
78 61
62 14
62 15
64 62
63 16
63 17
64 63
65 64
65 18
66 65
66 19
77 66
76 20
69 21
68 22
67 23
67 24
68 67
69 68
75 69
74 25
73 26
70 27
70 28
71 70
71 29
72 71
72 30
73 72
74 73
75 74
76 75
77 76
78 77
86 78
79 31
79 32
80 79
80 33
84 80
81 34
81 35
82 81
82 36
83 82
83 37
84 83
85 84
85 38
86 85
87 86
99 87
88 39
88 40
98 88
97 41
89 42
89 43
96 89
91 44
90 45
90 46
91 90
92 91
92 47
95 92
94 48
93 49
93 50
94 93
95 94
96 95
97 96
98 97
99 98