50 1
49 2
49 3
50 49
55 50
51 4
51 5
53 51
52 6
52 7
53 52
54 53
54 8
55 54
63 55
56 9
56 10
57 56
57 11
60 57
58 12
58 13
59 58
59 14
60 59
61 60
61 15
62 61
62 16
63 62
95 63
66 17
65 18
64 19
64 20
65 64
66 65
94 66
68 21
67 22
67 23
68 67
72 68
69 24
69 25
71 69
70 26
70 27
71 70
72 71
80 72
73 28
73 29
74 73
74 30
79 74
78 31
77 32
76 33
75 34
75 35
76 75
77 76
78 77
79 78
80 79
93 80
84 36
81 37
81 38
83 81
82 39
82 40
83 82
84 83
92 84
85 41
85 42
86 85
86 43
91 86
88 44
87 45
87 46
88 87
90 88
89 47
89 48
90 89
91 90
92 91
93 92
94 93
95 94