4.62719
2.67457
2.67457
1.30769
3.98226
0.644927
1.06777
0.613407
0.347598
0.347598
0.265809
5.08155
0.191058
1.07045
0.640702
0.640702
0.429749
0.538644
0.170629
0.170629
0.130579
0.214116
0.214116
0.0870931
1.30789
1.06388
2.54299
0.0618448
0.0618448
1.01502
1.07687
1.46613
0.129987
0.218142
1.66749
1.66749
1.22363
0.291914
0.883412
0.883412
0.823487
0.782549
0.782549
0.484944
0.533209
0.141676
0.141676
0.391533
0.734284
0.117927
1.38542
0.321479
1.47614
0.970236
2.05972
0.447319
0.447319
0.214057
0.642955
0.642955
0.0184208
0.293968
0.955344
1.10437
1.94754
1.13569
0.121646
0.121646
1.01405
2.02006
0.01
0.01
0.463204
0.463204
2.69255
0.851504
0.146012
1.40862
0.0626268
0.0341227
0.0341227
0.0285041
3.87624
0.647042
0.225236
0.225236
0.421806
0.686323
1.33337
2.6055
1.62303
0.324121