50 1
50 2
52 50
51 3
51 4
52 51
53 52
53 5
97 53
54 6
54 7
58 54
57 8
56 9
55 10
55 11
56 55
57 56
58 57
62 58
59 12
59 13
61 59
60 14
60 15
61 60
62 61
96 62
95 16
63 17
63 18
65 63
64 19
64 20
65 64
94 65
66 21
66 22
87 66
86 23
67 24
67 25
69 67
68 26
68 27
69 68
70 69
70 28
72 70
71 29
71 30
72 71
82 72
74 31
73 32
73 33
74 73
77 74
76 34
75 35
75 36
76 75
77 76
78 77
78 37
81 78
79 38
79 39
80 79
80 40
81 80
82 81
85 82
83 41
83 42
84 83
84 43
85 84
86 85
87 86
93 87
88 44
88 45
91 88
90 46
89 47
89 48
90 89
91 90
92 91
92 49
93 92
94 93
95 94
96 95
97 96