0.119914
0.119914
1.56416
0.38099
0.38099
1.30308
2.17392
3.85799
19.9086
0.383693
0.383693
1.58374
0.289454
0.239287
0.0967846
0.0967846
0.142503
0.0501673
1.67798
6.12845
1.03468
1.03468
2.29167
0.85606
0.85606
2.47029
4.76954
9.58066
5.70306
0.216755
0.216755
1.22114
0.216574
0.216574
1.22132
3.76764
1.21984
1.21984
2.13928
3.21462
0.475674
0.475674
0.116873
0.2439
0.2439
0.348647
0.828473
1.42102
1.02097
0.355226
0.355226
2.08676
0.0970238
0.453454
0.01
0.01
0.453454
0.324842
0.354428
0.251416
0.251416
0.103012
0.423867
0.274673
1.05297
1.37099
0.0128752
0.0128752
0.294049
0.306924
2.11704
0.115052
0.464435
0.0443581
0.0443581
0.322196
0.366554
2.6369
0.21117
0.1445
0.0968047
0.0549134
0.0549134
0.040784
0.0955406
0.015644
0.015644
0.0798966
0.000156836
1.10935
1.20504
2.25088
1.74961
0.497525
11.9735
6.09006