1.8941
0.414
0.414
0.204988
0.199444
0.199444
0.419545
0.881261
1.50025
0.393846
0.154116
1.42637
0.0560502
0.01
0.01
0.0560502
1.37032
0.00875576
0.997515
0.213724
0.213724
0.783791
0.289319
0.605087
0.101804
0.101804
0.503283
0.368375
0.509556
0.509556
0.463906
0.313372
0.148293
0.613084
0.323054
2.37127
2.40781
3.21396
0.307616
0.307616
0.108369
0.415985
2.79798
1.56511
0.598226
0.222632
0.0753175
0.0753175
0.147315
1.03139
1.25402
1.44113
0.452964
0.183868
0.183868
0.269096
0.320561
0.773525
0.352788
0.535563
0.397847
0.397847
0.113281
0.511128
0.0244355
0.590749
0.0419321
1.16824
0.691711
1.85996
0.835193
0.193892
0.360451
0.360451
2.11688
0.736693
0.0584352
0.0584352
0.660154
0.587255
0.34448
0.34448
0.242776
0.131334
0.0181038
1.74063
0.411714
2.48826