1.57334
0.293619
0.293619
0.560025
0.249336
0.156612
0.156612
0.0927239
0.309667
0.0166293
0.0166293
0.542374
0.0595894
0.130504
0.130504
0.488088
0.235051
0.719694
0.0510775
1.62442
0.670268
0.347217
0.347217
1.25134
1.59856
0.696125
2.45389
0.784495
0.784495
2.3116
1.26369
1.19929
1.15115
1.15115
0.0481376
0.064397
1.83241
0.446056
2.67752
0.56737
0.56737
2.11015
0.864638
1.20642
2.19454
2.38007
2.38007
0.24724
1.64587
0.367893
0.367893
1.27798
0.981439
4.3158
0.586929
0.971726
0.971726
1.93156
0.000777893
0.01
0.01
0.000777893
1.69237
1.59985
0.902503
0.902503
0.0576833
0.537008
0.537008
0.423177
0.639663
0.0933032
0.712884
2.40604
0.497247
0.995674
1.18996
0.414498
0.414498
0.775466
2.70899
3.63109