1.188101291656494140625000000000
0.391087263822555541992187500000
0.378589928150177001953125000000
0.087573148310184478759765625000
0.072891101241111755371093750000
0.139402225613594055175781250000
0.360417574644088745117187500000
0.193002179265022277832031250000
0.293906450271606445312500000000
0.271479904651641845703125000000
0.167415380477905273437500000000
0.167415380477905273437500000000
0.022426534444093704223632812500
0.022426534444093704223632812500
0.000000000000000000000000000000
0.000000000000000000000000000000
0.000000000000000000000000000000
0.000000000000000000000000000000
