0.191652804613113403320312500000
0.048460140824317932128906250000
0.164428487420082092285156250000
0.344690680503845214843750000000
0.201498031616210937500000000000
0.201498031616210937500000000000
0.062597721815109252929687500000
0.046784069389104843139648437500
0.117664471268653869628906250000
0.117664471268653869628906250000
0.543867826461791992187500000000
1.299960017204284667968750000000
0.127447366714477539062500000000
1.230551958084106445312500000000
0.145132452249526977539062500000
0.080731526017189025878906250000
1.606849193572998046875000000000
0.168711274862289428710937500000
0.693307578563690185546875000000
1.299960017204284667968750000000
0.438225656747817993164062500000
0.530723571777343750000000000000
1.032156586647033691406250000000
1.461716651916503906250000000000
0.613758444786071777343750000000
0.390357375144958496093750000000
1.062981367111206054687500000000
1.062981367111206054687500000000
0.740891337394714355468750000000
0.740891337394714355468750000000
0.123305521905422210693359375000
0.176199123263359069824218750000
0.384826451539993286132812500000
0.948678255081176757812500000000
0.610981404781341552734375000000
0.917870521545410156250000000000
0.913541555404663085937500000000
0.650067865848541259765625000000
0.563851773738861083984375000000
0.563851773738861083984375000000
0.429560095071792602539062500000
0.429560095071792602539062500000
0.025579473003745079040527343750
0.116405002772808074951171875000
0.188178002834320068359375000000
0.116405002772808074951171875000
0.188178002834320068359375000000
0.116405002772808074951171875000
0.126784160733222961425781250000
0.015872849151492118835449218750
0.188178002834320068359375000000
0.116405002772808074951171875000
0.162598535418510437011718750000
0.036182522773742675781250000000
0.190484181046485900878906250000
0.190484181046485900878906250000
0.190484181046485900878906250000
0.047714218497276306152343750000
0.190484181046485900878906250000
0.190484181046485900878906250000
0.042769663035869598388671875000
0.190484181046485900878906250000
0.147714510560035705566406250000
0.069556429982185363769531250000
0.118711173534393310546875000000
0.118711173534393310546875000000
0.118711173534393310546875000000
0.118711173534393310546875000000
0.118711173534393310546875000000
0.118711173534393310546875000000
0.118711173534393310546875000000
0.118711173534393310546875000000
0.078158080577850341796875000000
0.039127290248870849609375000000
0.039030790328979492187500000000
0.039030790328979492187500000000
0.000000000000000000000000000000
0.000000000000000000000000000000
0.000000000000000000000000000000
0.000000000000000000000000000000
0.000000000000000000000000000000
0.000000000000000000000000000000
0.000000000000000000000000000000
0.000000000000000000000000000000
0.000000000000000000000000000000
0.000000000000000000000000000000
0.000000000000000000000000000000
0.000000000000000000000000000000
0.000000000000000000000000000000
0.000000000000000000000000000000
0.000000000000000000000000000000
0.000000000000000000000000000000
0.000000000000000000000000000000
0.000000000000000000000000000000
0.000000000000000000000000000000
0.000000000000000000000000000000
0.000000000000000000000000000000
0.000000000000000000000000000000
