2.000000476837158203125000000000
0.766423583030700683593750000000
0.269033849239349365234375000000
0.521474897861480712890625000000
0.367679148912429809570312500000
0.269958198070526123046875000000
0.187972068786621093750000000000
0.606768369674682617187500000000
0.013892948627471923828125000000
0.694584190845489501953125000000
0.149886339902877807617187500000
0.680691301822662353515625000000
0.391064107418060302734375000000
0.232095152139663696289062500000
0.016273858025670051574707031250
0.302951693534851074218750000000
0.280944108963012695312500000000
0.110878899693489074707031250000
0.226911410689353942871093750000
0.226911410689353942871093750000
0.157425135374069213867187500000
0.205799296498298645019531250000
0.095841623842716217041015625000
0.105332992970943450927734375000
0.009491369128227233886718750000
0.009491369128227233886718750000
