0.188678
0.188678
0.629826
0.818504
0.0942865
0.820011
0.077667
0.077667
0.742344
0.09278
9.3168
0.728991
0.231758
0.231758
0.497233
9.5006
3.39036
4.08753
0.671377
0.671377
0.301152
0.972529
1.77557
0.01
0.01
2.74809
0.0329404
2.35866
2.06065
2.06065
0.298005
0.422377
0.688215
0.208998
0.208998
1.4655
1.67449
1.79476
0.61828
7.36895
3.16593
0.166643
0.166643
1.05015
1.21679
0.906162
0.503126
0.00214856
0.00214856
0.500978
0.340224
0.843351
1.27961
0.171508
2.29446
0.871468
4.6929
0.897602
0.373927
0.373927
0.523675
0.320516
0.663127
0.663127
0.554991
3.88644
0.426523
0.426523
3.16773
3.59425
0.304004
3.89826
1.2063
1.28174
1.63215
1.63215
4.75415
1.47253
3.59765
2.16347