0.201705
0.201705
0.146876
0.348581
5.18317
4.00458
1.59869
1.45305
0.421414
0.210685
0.210685
0.210729
0.544384
0.965799
0.245408
1.21121
0.241846
0.145638
2.40588
0.290413
0.0347392
0.0347392
4.26025
1.23676
1.06347
0.00925503
0.00925503
4.71244
0.369677
0.369677
0.800753
1.17043
3.55126
1.87353
0.167422
6.27132
0.121422
0.121422
1.49625
0.536886
0.536886
1.08079
3.37825
0.700909
0.700909
4.29502
1.27539
0.491321
0.375321
2.44966
0.108621
0.108621
2.34104
0.43856
0.969673
0.969673
0.294899
0.183223
0.183223
0.676954
0.642761
0.611884
0.01
0.01
0.275373
0.275373
0.336511
0.0308777
0.217416
0.404394
0.809286
0.038456
0.038456
0.898972
0.937428
1.13643
0.814366
4.24974