0.246815
0.246815
0.489071
0.735887
0.0101597
0.37917
0.37917
0.366876
1.15278
1.73351
0.197271
0.197271
1.24379
1.22747
0.585189
0.424181
0.424181
0.161008
0.642277
0.213596
0.292445
0.165319
2.15164
0.487073
0.487073
0.735334
0.865343
0.335209
0.335209
0.357705
0.692914
0.172429
0.357064
0.117649
1.34006
2.71041
3.0643
0.377897
0.377897
0.659273
0.903577
0.903577
0.133592
3.71886
0.01
0.01
0.342417
0.342417
0.0652915
0.407708
2.25132
0.644519
0.328593
0.328593
0.315925
2.01451
2.097
0.461905
4.6709
1.96927
0.700722
0.700722
0.0864174
0.787139
0.168013
0.955153
1.01412
2.70163
0.511186
4.25462
0.260081
0.260081
3.22387
1.67612
0.448272
0.447118
0.447118
0.00115465
1.21163
0.0364313
0.0364313
0.65001
0.164943
0.164943
0.508874
0.673817
0.0126238
0.973466
0.0162121
1.80784
0.770666
0.927463
0.0358513
1.89683