49 1
49 2
50 49
50 3
52 50
51 4
51 5
52 51
59 52
58 6
53 7
53 8
57 53
56 9
55 10
54 11
54 12
55 54
56 55
57 56
58 57
59 58
66 59
60 13
60 14
64 60
63 15
61 16
61 17
62 61
62 18
63 62
64 63
65 64
65 19
66 65
95 66
67 20
67 21
69 67
68 22
68 23
69 68
76 69
70 24
70 25
71 70
71 26
72 71
72 27
75 72
74 28
73 29
73 30
74 73
75 74
76 75
94 76
81 31
80 32
77 33
77 34
78 77
78 35
79 78
79 36
80 79
81 80
93 81
92 37
82 38
82 39
91 82
90 40
84 41
83 42
83 43
84 83
89 84
85 44
85 45
88 85
86 46
86 47
87 86
87 48
88 87
89 88
90 89
91 90
92 91
93 92
94 93
95 94