3.75092
0.695908
0.00248637
0.00248637
0.226158
0.178971
0.178971
0.0496734
0.360286
0.58893
0.106978
3.05502
0.513387
3.56399
0.983489
0.299934
0.299934
0.683545
0.548477
0.103188
0.103188
0.445289
0.435002
9.82991e-06
0.330718
1.31421
2.24978
0.411596
0.133517
0.133517
0.850148
0.530607
0.530607
0.453058
2.05021
1.04143
0.0182624
0.0182624
0.748802
0.382895
0.228575
0.103224
0.103224
0.0125557
0.11578
0.112795
0.15432
0.38417
0.274367
0.127994
0.792703
0.0841083
0.01
0.01
0.0841083
0.506533
0.590642
0.202061
0.376723
1.57438
0.230593
0.230593
0.0329712
0.263564
1.88051
2.14407
0.599738
0.290064
0.577695
1.08226
0.0150458
0.0150458
0.356182
0.371228
0.449953
0.821181
0.26108
2.52931
0.364017
0.114449
0.234377
0.234377
3.85566
0.174276