0.378706
0.378706
0.579241
0.957947
2.13001
0.0954834
0.01
0.01
0.0954834
0.0156408
0.111124
0.439236
0.55036
1.23511
0.175912
0.0492879
0.0492879
0.126624
0.284971
0.460883
0.0133147
0.0244568
0.0244568
0.449741
0.0950014
0.569199
1.21627
1.30249
1.35006
0.471784
0.471784
3.96623
1.44707
1.31332
1.31332
2.084
3.39732
0.461274
0.639665
0.299082
0.299082
0.130518
0.4296
0.210065
0.901281
1.54095
0.779404
1.49757
0.12635
0.12635
0.329105
0.455454
1.04211
0.822784
0.108303
2.42865
1.42994
2.02649
3.30413
0.0285352
0.0285352
0.400958
0.429493
3.22196
3.65145
5.53776
1.55869
1.2042
1.2042
1.25681
1.25917
0.391062
0.0296567
0.0296567
0.361405
0.758774
1.14984
0.0521224
0.154268
0.154268
1.04769
0.0572157
0.469019
1.72819
0.732818
1.68285
0.748767
0.748767
3.39509
6.60404