47 1
47 2
48 47
48 3
60 48
50 4
49 5
49 6
50 49
51 50
51 7
52 51
52 8
59 52
54 9
53 10
53 11
54 53
55 54
55 12
57 55
56 13
56 14
57 56
58 57
58 15
59 58
60 59
62 60
61 16
61 17
62 61
75 62
63 18
63 19
64 63
64 20
74 64
67 21
65 22
65 23
66 65
66 24
67 66
68 67
68 25
72 68
71 26
69 27
69 28
70 69
70 29
71 70
72 71
73 72
73 30
74 73
75 74
79 75
76 31
76 32
77 76
77 33
78 77
78 34
79 78
91 79
80 35
80 36
88 80
86 37
82 38
81 39
81 40
82 81
83 82
83 41
85 83
84 42
84 43
85 84
86 85
87 86
87 44
88 87
90 88
89 45
89 46
90 89
91 90