0.147977113723754882812500000000
0.068505428731441497802734375000
0.274659454822540283203125000000
0.167594268918037414550781250000
0.698696076869964599609375000000
0.713901340961456298828125000000
0.013458705507218837738037109375
1.656835079193115234375000000000
0.853486776351928710937500000000
0.319304704666137695312500000000
0.291843563318252563476562500000
0.030096847563982009887695312500
0.039662748575210571289062500000
0.788894534111022949218750000000
0.117019221186637878417968750000
0.373855888843536376953125000000
0.165485411882400512695312500000
1.113663911819458007812500000000
0.286981314420700073242187500000
1.032227993011474609375000000000
0.278376251459121704101562500000
0.111900806427001953125000000000
0.753778398036956787109375000000
0.279366135597229003906250000000
0.764265418052673339843750000000
0.764259696006774902343750000000
0.745246648788452148437500000000
0.745246648788452148437500000000
0.510523259639739990234375000000
0.351139277219772338867187500000
0.364432126283645629882812500000
0.146456271409988403320312500000
0.217975869774818420410156250000
0.203710064291954040527343750000
0.159384056925773620605468750000
0.159384056925773620605468750000
0.000005722045898437500000000000
0.000005722045898437500000000000
