3.19053
3.19053
0.107421
2.94749
2.94749
0.350456
0.291915
3.36768
1.44403
1.44403
1.8242
0.761026
0.761026
2.50721
0.0994485
0.222182
2.13907
0.0902133
0.0902133
1.37277
1.46298
1.53909
0.531582
0.531582
1.36444
1.73852
1.73852
0.157498
0.760895
0.00973217
0.00973217
2.0086
2.01833
0.638581
0.332938
0.0751722
0.0751722
2.91468
0.0122207
0.645888
3.64796
0.564078
0.770372
0.01
0.01
0.770372
1.34563
0.0182574
0.0078114
0.0078114
0.010446
2.09775
1.33137
1.6573
0.0774923
0.0774923
0.398669
0.19588
0.19588
0.280281
0.14817
0.624331
1.03297
1.0649
2.7222
0.725173
0.764668
0.778073
0.0729414
0.0729414
4.91717
0.500385
0.121504
0.121504
1.02467
1.14617
0.647163
1.79334
0.111461
1.9048
3.13684
0.700786
0.700786
3.35909
0.814028
0.814028
0.536012
0.664306
0.664306
0.685733
2.70984
0.981761
0.448856
0.238436
1.65381
7.38275