0.767365
0.767365
3.55563
0.133644
0.133644
1.81272
0.220432
0.166624
0.166624
0.0538078
0.233096
0.292122
0.01
0.01
0.292122
0.161405
1.49284
2.37663
4.39922
0.24301
0.24301
4.9849
5.22791
1.01977
1.04191
0.37724
0.37724
0.664672
0.89043
0.336073
0.336073
1.59627
3.13276
5.0651
0.588473
0.259976
0.259976
2.85711
0.761789
0.0466818
0.0466818
0.236907
0.044209
0.044209
0.23938
0.4782
2.3553
0.312376
2.75217
2.75217
0.677295
0.090857
1.36247
0.00116242
0.00116242
1.36131
2.15785
2.13326
0.594094
2.47454