0.771739959716796875000000000000
0.771739959716796875000000000000
0.418409496545791625976562500000
0.994424223899841308593750000000
0.200430110096931457519531250000
0.887244820594787597656250000000
0.212238758802413940429687500000
0.138303130865097045898437500000
0.889516770839691162109375000000
0.075661718845367431640625000000
0.815581142902374267578125000000
0.815581142902374267578125000000
0.000000000000000000000000000000
0.000010013580322265625000000000
0.000000000000000000000000000000
0.000010013580322265625000000000
0.000000000000000000000000000000
0.000010013580322265625000000000
0.000010013580322265625000000000
0.000010013580322265625000000000
0.000010013580322265625000000000
0.000010013580322265625000000000
0.000010013580322265625000000000
0.000010013580322265625000000000
