53 1
47 2
47 3
50 47
49 4
48 5
48 6
49 48
50 49
52 50
51 7
51 8
52 51
53 52
78 53
54 9
54 10
56 54
55 11
55 12
56 55
57 56
57 13
62 57
58 14
58 15
61 58
59 16
59 17
60 59
60 18
61 60
62 61
77 62
65 19
63 20
63 21
64 63
64 22
65 64
67 65
66 23
66 24
67 66
76 67
68 25
68 26
69 68
69 27
74 69
70 28
70 29
73 70
71 30
71 31
72 71
72 32
73 72
74 73
75 74
75 33
76 75
77 76
78 77
91 78
79 34
79 35
90 79
84 36
83 37
80 38
80 39
82 80
81 40
81 41
82 81
83 82
84 83
89 84
88 42
86 43
85 44
85 45
86 85
87 86
87 46
88 87
89 88
90 89
91 90