2.32794
0.804896
0.780336
0.780336
0.02456
1.52305
0.149553
0.449244
0.449244
0.441875
0.891119
1.53774
0.809344
0.230384
0.0211544
0.0211544
0.20923
0.57896
0.758674
1.30593
1.30593
0.262084
0.860845
0.0486321
1.78835
2.20903
1.89685
0.291738
0.291738
0.951532
1.24327
0.65358
0.312181
0.649047
0.303465
0.303465
1.01633
1.31979
0.744159
1.642
1.24227
0.01
0.01
1.24227
0.399728
0.1068
0.237756
0.237756
1.51105
0.315148
0.513728
0.0670423
0.0670423
1.33649
0.0654957
0.0654957
0.0437528
0.109249
1.29428
0.399766
0.629817
0.629817
1.17348
0.77438
0.2804
1.40777
0.983014
2.63194
0.339138
0.0125065
0.0125065
0.326631
0.270958
0.227752
0.227752
0.382344
1.02235
0.652567
0.239888
0.239888
0.412679
0.113651
0.766218
0.866224
0.277783
0.0579891
0.0579891
1.85224
0.721717
2.61692