0.057942990213632583618164062500
0.184959039092063903808593750000
0.866903603076934814453125000000
0.919562816619873046875000000000
0.466774284839630126953125000000
1.153000473976135253906250000000
0.730228483676910400390625000000
0.947475850582122802734375000000
0.354888558387756347656250000000
1.075153589248657226562500000000
0.720265030860900878906250000000
0.720265030860900878906250000000
0.400791049003601074218750000000
0.400791049003601074218750000000
0.000000000000000000000000000000
0.000000000000000000000000000000
0.000000000000000000000000000000
0.000000000000000000000000000000
