1.357591867446899414062500000000
1.162066102027893066406250000000
0.019925950095057487487792968750
0.438957154750823974609375000000
0.306228190660476684570312500000
0.306228190660476684570312500000
0.316253989934921264648437500000
0.316254019737243652343750000000
0.112802997231483459472656250000
0.316254019737243652343750000000
0.090855002403259277343750000000
0.187667086720466613769531250000
0.203450992703437805175781250000
0.203450992703437805175781250000
0.112595990300178527832031250000
0.112596020102500915527343750000
0.015783905982971191406250000000
0.015783905982971191406250000000
0.000000000000000000000000000000
0.000000029802322387695312500000
0.000000000000000000000000000000
0.000000029802322387695312500000
0.000000000000000000000000000000
0.000000029802322387695312500000
0.000000029802322387695312500000
0.000000029802322387695312500000
0.000000029802322387695312500000
0.000000029802322387695312500000
0.000000029802322387695312500000
0.000000029802322387695312500000
0.000000029802322387695312500000
0.000000029802322387695312500000
0.000000029802322387695312500000
0.000000029802322387695312500000
0.000000029802322387695312500000
0.000000029802322387695312500000
