0.004863174632191658020019531250
0.305589169263839721679687500000
0.330924719572067260742187500000
0.068204216659069061279296875000
0.199765324592590332031250000000
1.397695660591125488281250000000
0.521713793277740478515625000000
1.509629368782043457031250000000
0.001499260310083627700805664062
0.106356665492057800292968750000
1.140999078750610351562500000000
0.898001968860626220703125000000
0.640038728713989257812500000000
1.036141753196716308593750000000
0.396102905273437500000000000000
0.396102905273437500000000000000
0.080916404724121093750000000000
0.227023839950561523437500000000
0.162080600857734680175781250000
0.162080600857734680175781250000
0.154582604765892028808593750000
0.154582604765892028808593750000
0.015973165631294250488281250000
0.015973165631294250488281250000
0.000000000000000000000000000000
0.000000000000000000000000000000
