56 1
55 2
50 3
50 4
54 50
51 5
51 6
52 51
52 7
53 52
53 8
54 53
55 54
56 55
73 56
57 9
57 10
60 57
58 11
58 12
59 58
59 13
60 59
66 60
61 14
61 15
62 61
62 16
63 62
63 17
64 63
64 18
65 64
65 19
66 65
72 66
67 20
67 21
71 67
70 22
69 23
68 24
68 25
69 68
70 69
71 70
72 71
73 72
97 73
74 26
74 27
75 74
75 28
76 75
76 29
96 76
78 30
77 31
77 32
78 77
79 78
79 33
81 79
80 34
80 35
81 80
82 81
82 36
88 82
83 37
83 38
87 83
84 39
84 40
86 84
85 41
85 42
86 85
87 86
88 87
95 88
94 43
93 44
91 45
90 46
89 47
89 48
90 89
91 90
92 91
92 49
93 92
94 93
95 94
96 95
97 96