47 1
46 2
46 3
47 46
49 47
48 4
48 5
49 48
53 49
51 6
50 7
50 8
51 50
52 51
52 9
53 52
55 53
54 10
54 11
55 54
59 55
57 12
56 13
56 14
57 56
58 57
58 15
59 58
70 59
60 16
60 17
62 60
61 18
61 19
62 61
69 62
64 20
63 21
63 22
64 63
66 64
65 23
65 24
66 65
68 66
67 25
67 26
68 67
69 68
70 69
89 70
71 27
71 28
85 71
80 29
76 30
72 31
72 32
73 72
73 33
75 73
74 34
74 35
75 74
76 75
77 76
77 36
78 77
78 37
79 78
79 38
80 79
84 80
81 39
81 40
83 81
82 41
82 42
83 82
84 83
85 84
88 85
87 43
86 44
86 45
87 86
88 87
89 88