0.364659
0.01
0.01
0.364659
0.327829
0.00725732
0.00725732
0.685231
0.0208468
0.422391
0.182729
0.182729
0.239661
0.286836
0.709227
0.00410776
0.179688
0.152354
0.152354
0.740669
3.51795
0.310978
0.000146259
0.000146259
0.310832
3.07282
3.3838
1.02717
0.147344
0.348273
0.348273
2.26247
1.66567
1.66567
0.945076
1.56006
1.56377
0.0320988
0.0320988
1.53167
1.08429
1.0351
1.0351
1.61296
0.579467
0.636994
0.636994
2.59053
0.943277
0.387515
0.0946345
0.728319
0.728319
2.75835
1.77405
0.981919
0.203912
0.203912
0.331259
0.535171
0.102505
0.233946
0.233946
0.403731
0.344242
0.0888866
1.07081
0.0423544
1.11316
0.157722
1.27088
0.503167
1.06982
0.956535
0.956535
1.74845
1.87892
1.87892
0.826062
0.138885
0.642804
0.556997
2.09169
0.257569
0.257569
1.83413
1.95197
0.609284