1.47835
0.858703
0.01
0.01
0.157331
0.157331
0.701372
0.619645
1.12098
0.29719
0.29719
2.30213
0.694755
0.120978
0.120978
1.02006
1.14104
2.15304
1.23866
0.322399
0.322399
0.998926
1.32133
3.0843
1.22697
0.0722134
0.0722134
0.458844
0.531058
0.166555
0.697613
0.529355
0.76361
0.182789
0.182789
1.49906
1.68184
0.308734
0.459285
2.16215
0.0304417
0.0304417
1.79303
0.0758602
0.0758602
1.44394
1.5198
0.303677
0.338675
0.287714
0.995392
1.19039
1.19039
0.618848
1.0682
1.0682
0.741035
1.37139
0.375471
0.375471
2.80516
0.264627
0.960367
0.127116