0.286400377750396728515625000000
0.286400377750396728515625000000
0.989781439304351806640625000000
0.224611997604370117187500000000
1.182784676551818847656250000000
0.224611997604370117187500000000
0.029886189848184585571289062500
0.129299372434616088867187500000
0.155569091439247131347656250000
1.190258264541625976562500000000
0.424439817667007446289062500000
0.257379382848739624023437500000
0.450204044580459594726562500000
0.230468168854713439941406250000
0.052027441561222076416015625000
0.298756897449493408203125000000
0.246729463338851928710937500000
0.246729463338851928710937500000
0.167060434818267822265625000000
0.167060434818267822265625000000
0.760314702987670898437500000000
0.324490070343017578125000000000
1.034661650657653808593750000000
0.097959503531455993652343750000
0.440420717000961303710937500000
0.097959503531455993652343750000
1.034661650657653808593750000000
0.082767412066459655761718750000
0.332305848598480224609375000000
0.097959503531455993652343750000
0.019827442243695259094238281250
0.097959503531455993652343750000
0.797480225563049316406250000000
0.097959503531455993652343750000
0.520241975784301757812500000000
0.381291717290878295898437500000
0.520241975784301757812500000000
0.936702132225036621093750000000
0.073662437498569488525390625000
0.262172758579254150390625000000
0.520241975784301757812500000000
0.936702132225036621093750000000
0.520241975784301757812500000000
0.936702132225036621093750000000
0.909484267234802246093750000000
0.052894975990056991577148437500
0.364080876111984252929687500000
0.409904539585113525390625000000
0.702355861663818359375000000000
0.702355861663818359375000000000
0.674529373645782470703125000000
0.414198577404022216796875000000
0.555410444736480712890625000000
0.113447204232215881347656250000
0.082498691976070404052734375000
0.082498691976070404052734375000
0.453135192394256591796875000000
0.036675024777650833129882812500
0.416460156440734863281250000000
0.416460156440734863281250000000
0.416460156440734863281250000000
0.416460156440734863281250000000
0.298495471477508544921875000000
0.416460156440734863281250000000
0.416460156440734863281250000000
0.416460156440734863281250000000
0.416460156440734863281250000000
0.416460156440734863281250000000
0.416460156440734863281250000000
0.416460156440734863281250000000
0.125183388590812683105468750000
0.033303175121545791625976562500
0.368905335664749145507812500000
0.368905335664749145507812500000
0.298729151487350463867187500000
0.015688059851527214050292968750
0.237181425094604492187500000000
0.237181425094604492187500000000
0.000000000000000000000000000000
0.000000000000000000000000000000
