0.518242895603179931640625000000
0.000632080074865370988845825195
0.333409845829010009765625000000
0.504015445709228515625000000000
0.219357952475547790527343750000
0.150389745831489562988281250000
0.349855691194534301757812500000
1.080659985542297363281250000000
1.207098126411437988281250000000
1.035217404365539550781250000000
1.000485062599182128906250000000
0.266727775335311889648437500000
0.291293382644653320312500000000
0.391198605298995971679687500000
0.184490650892257690429687500000
0.053802751004695892333984375000
0.168120250105857849121093750000
0.168120250105857849121093750000
0.165227532386779785156250000000
0.165227532386779785156250000000
0.090879023075103759765625000000
0.143614977598190307617187500000
0.037432357668876647949218750000
0.090168312191963195800781250000
0.052735954523086547851562500000
0.052735954523086547851562500000
0.036735076457262039184570312500
0.009026192128658294677734375000
0.052735954523086547851562500000
0.052735954523086547851562500000
0.052735954523086547851562500000
0.052735954523086547851562500000
0.043709762394428253173828125000
0.043709762394428253173828125000
0.043709762394428253173828125000
0.043709762394428253173828125000
0.000000000000000000000000000000
0.000000000000000000000000000000
0.000000000000000000000000000000
0.000000000000000000000000000000
