0.377438604831695556640625000000
0.370918154716491699218750000000
0.312133878469467163085937500000
0.028778264299035072326660156250
0.385124266147613525390625000000
0.819214284420013427734375000000
0.469904810190200805664062500000
0.468892574310302734375000000000
0.084447085857391357421875000000
0.441963225603103637695312500000
0.168069794774055480957031250000
0.308215945959091186523437500000
0.202881708741188049316406250000
0.098260119557380676269531250000
0.104621589183807373046875000000
0.104621589183807373046875000000
0.062735572457313537597656250000
0.062735572457313537597656250000
0.000000000000000000000000000000
0.000000000000000000000000000000
