0.160304
0.160304
0.265204
0.425508
0.320213
0.071961
0.071961
0.673761
2.33492
3.08064
2.88895
2.62959
2.62959
0.371097
3.00069
2.9689
4.92073
0.201691
0.201691
0.95689
0.425239
0.425239
0.415021
0.84026
0.318321
1.40824
2.56682
1.67193
3.52175
2.38982
1.57017
1.57017
0.819654
1.13193
0.717004
0.99224
0.115085
0.115085
3.43022
3.54531
1.68569
2.56942
1.65014
0.01
0.01
1.65014
2.51862
0.141727
0.141727
4.02703
2.9417
4.27185
1.72495
0.0867861
0.0867861
1.46696
0.177854
0.177854
0.933981
0.020989
0.020989
1.09085
0.441908
0.171204
2.06769
1.00233
0.11406
0.11406
0.888274
2.7903
0.479214
2.83861
0.689957
1.20676
0.0914272
0.0914272
2.83455
2.92598
0.149119
0.230818
0.230818
2.04883
2.27965
0.795453
5.93208
1.88315